AppTimestamp(s),wifi_rssi_20:23:00:00:00:01,wifi_rssi_20:23:00:00:00:02,wifi_rssi_20:23:00:00:00:03,wifi_rssi_20:23:00:00:00:04,wifi_rssi_20:23:00:00:00:05,wifi_rssi_20:23:00:00:00:06,wifi_rssi_20:23:00:00:00:07,wifi_rssi_20:23:00:00:00:08,wifi_rssi_20:23:00:00:00:09,wifi_rssi_20:23:00:00:00:10,wifi_rssi_20:23:00:00:00:11,wifi_rssi_20:23:00:00:00:12,wifi_rssi_20:23:00:00:00:13,wifi_rssi_20:23:00:00:00:14,wifi_rssi_20:23:00:00:00:15,wifi_rssi_20:23:00:00:00:16,wifi_rssi_20:23:00:00:00:17,wifi_rssi_20:23:00:00:00:18,wifi_rssi_20:23:00:00:00:19,wifi_rssi_20:23:00:00:00:21,wifi_rssi_20:23:00:00:00:22,wifi_rssi_20:23:00:00:00:23,wifi_rssi_20:23:00:00:00:24,wifi_rssi_20:23:00:00:00:25,wifi_rssi_20:23:00:00:00:26,wifi_rssi_20:23:00:00:00:27,wifi_rssi_20:23:00:00:00:28,wifi_rssi_20:23:00:00:00:30,wifi_rssi_20:23:00:00:00:31,wifi_rssi_20:23:00:00:00:34,wifi_rssi_20:23:00:00:00:35,wifi_rssi_20:23:00:00:00:36,wifi_rssi_20:23:00:00:00:37,wifi_rssi_20:23:00:00:00:38,wifi_rssi_20:23:00:00:00:41,wifi_rssi_20:23:00:00:00:42,wifi_rssi_20:23:00:00:00:44,wifi_rssi_20:23:00:00:00:45,wifi_rssi_20:23:00:00:00:46,wifi_rssi_20:23:00:00:00:47,wifi_rssi_20:23:00:00:00:48,wifi_rssi_20:23:00:00:00:49,wifi_rssi_20:23:00:00:00:50,wifi_rssi_20:23:00:00:00:51,wifi_rssi_20:23:00:00:00:52,wifi_rssi_20:23:00:00:00:55,wifi_rssi_20:23:00:00:00:56,wifi_rssi_20:23:00:00:00:57,wifi_rssi_20:23:00:00:00:59,wifi_rssi_20:23:00:00:00:61,wifi_rssi_20:23:00:00:00:62,wifi_rssi_20:23:00:00:00:65,wifi_rssi_20:23:00:00:00:67,wifi_rssi_20:23:00:00:00:68,wifi_rssi_20:23:00:00:00:69,wifi_rssi_20:23:00:00:00:71,wifi_rssi_20:23:00:00:00:72,wifi_rssi_20:23:00:00:00:73,wifi_rssi_20:23:00:00:00:79,wifi_rssi_20:23:00:00:00:80,wifi_rssi_20:23:00:00:00:82,wifi_rssi_20:23:00:00:00:84,wifi_rssi_20:23:00:00:00:88,wifi_rssi_20:23:00:00:00:89,wifi_rssi_20:23:00:00:00:90,wifi_rssi_20:23:00:00:00:91,wifi_rssi_20:23:00:00:00:92,wifi_rssi_20:23:00:00:00:93,wifi_rssi_20:23:00:00:00:94,wifi_rssi_20:23:00:00:00:95,wifi_rssi_20:23:00:00:00:96,wifi_rssi_20:23:00:00:00:97,wifi_rssi_20:23:00:00:00:98,wifi_rssi_20:23:00:00:00:99,wifi_rssi_20:23:00:00:01:00,wifi_rssi_20:23:00:00:01:01,wifi_rssi_20:23:00:00:01:02,wifi_rssi_20:23:00:00:01:03,wifi_rssi_20:23:00:00:01:04,wifi_rssi_20:23:00:00:01:05,wifi_rssi_20:23:00:00:01:06,wifi_rssi_20:23:00:00:01:07,wifi_rssi_20:23:00:00:01:08,wifi_rssi_20:23:00:00:01:09,wifi_rssi_20:23:00:00:01:10,wifi_rssi_20:23:00:00:01:11,wifi_rssi_20:23:00:00:01:12,wifi_rssi_20:23:00:00:01:13,wifi_rssi_20:23:00:00:01:14,wifi_rssi_20:23:00:00:01:15,wifi_rssi_20:23:00:00:01:16,wifi_rssi_20:23:00:00:01:17,wifi_rssi_20:23:00:00:01:18,wifi_rssi_20:23:00:00:01:19,wifi_rssi_20:23:00:00:01:20,wifi_rssi_20:23:00:00:01:21,wifi_rssi_20:23:00:00:01:22,wifi_rssi_20:23:00:00:01:23,wifi_rssi_20:23:00:00:01:24,wifi_rssi_20:23:00:00:01:26,wifi_rssi_20:23:00:00:01:27,wifi_rssi_20:23:00:00:01:28,wifi_rssi_20:23:00:00:01:29,wifi_rssi_20:23:00:00:01:31,wifi_rssi_20:23:00:00:01:32,wifi_rssi_20:23:00:00:01:33,wifi_rssi_20:23:00:00:01:34,wifi_rssi_20:23:00:00:01:35,wifi_rssi_20:23:00:00:01:36,wifi_rssi_20:23:00:00:01:37,wifi_rssi_20:23:00:00:01:38,wifi_rssi_20:23:00:00:01:39,wifi_rssi_20:23:00:00:01:40,wifi_rssi_20:23:00:00:01:41,wifi_rssi_20:23:00:00:01:42,wifi_rssi_20:23:00:00:01:43,wifi_rssi_20:23:00:00:01:44,wifi_rssi_20:23:00:00:01:45,wifi_rssi_20:23:00:00:01:46,wifi_rssi_20:23:00:00:01:47,wifi_rssi_20:23:00:00:01:51,wifi_rssi_20:23:00:00:01:52,wifi_rssi_20:23:00:00:01:54,wifi_rssi_20:23:00:00:01:55,wifi_rssi_20:23:00:00:01:56,wifi_rssi_20:23:00:00:01:58,wifi_rssi_20:23:00:00:01:59,wifi_rssi_20:23:00:00:01:60,wifi_rssi_20:23:00:00:01:62,wifi_rssi_20:23:00:00:01:64,wifi_rssi_20:23:00:00:01:65,wifi_rssi_20:23:00:00:01:66,wifi_rssi_20:23:00:00:01:67,wifi_rssi_20:23:00:00:01:68,wifi_rssi_20:23:00:00:01:69,wifi_rssi_20:23:00:00:01:70,wifi_rssi_20:23:00:00:01:71,wifi_rssi_20:23:00:00:01:72,wifi_rssi_20:23:00:00:01:73,wifi_rssi_20:23:00:00:01:74,wifi_rssi_20:23:00:00:01:75,wifi_rssi_20:23:00:00:01:76,wifi_rssi_20:23:00:00:01:77,wifi_rssi_20:23:00:00:01:81,wifi_rssi_20:23:00:00:01:82,wifi_rssi_20:23:00:00:01:83,wifi_rssi_20:23:00:00:01:84,wifi_rssi_20:23:00:00:01:85,wifi_rssi_20:23:00:00:01:86,wifi_rssi_20:23:00:00:01:87,wifi_rssi_20:23:00:00:01:88,wifi_rssi_20:23:00:00:01:89,wifi_rssi_20:23:00:00:01:90,wifi_rssi_20:23:00:00:01:91,wifi_rssi_20:23:00:00:01:92,wifi_rssi_20:23:00:00:01:93,wifi_rssi_20:23:00:00:01:94,wifi_rssi_20:23:00:00:01:95,wifi_rssi_20:23:00:00:01:96,wifi_rssi_20:23:00:00:01:97,wifi_rssi_20:23:00:00:01:98,wifi_rssi_20:23:00:00:02:01,wifi_rssi_20:23:00:00:02:07,wifi_rssi_20:23:00:00:02:09,wifi_rssi_20:23:00:00:02:10,wifi_rssi_20:23:00:00:02:11,wifi_rssi_20:23:00:00:02:12,wifi_rssi_20:23:00:00:02:14,wifi_rssi_20:23:00:00:02:15,wifi_rssi_20:23:00:00:02:16,wifi_rssi_20:23:00:00:02:17,wifi_rssi_20:23:00:00:02:18,wifi_rssi_20:23:00:00:02:19,wifi_rssi_20:23:00:00:02:20,wifi_rssi_20:23:00:00:02:21,wifi_rssi_20:23:00:00:02:22,wifi_rssi_20:23:00:00:02:23,wifi_rssi_20:23:00:00:02:24,wifi_rssi_20:23:00:00:02:25,wifi_rssi_20:23:00:00:02:26,wifi_rssi_20:23:00:00:02:27,wifi_rssi_20:23:00:00:02:28,wifi_rssi_20:23:00:00:02:29,wifi_rssi_20:23:00:00:02:30,wifi_rssi_20:23:00:00:02:34,wifi_rssi_20:23:00:00:02:35,wifi_rssi_20:23:00:00:02:39,wifi_rssi_20:23:00:00:02:54,wifi_rssi_20:23:00:00:02:55,wifi_rssi_20:23:00:00:02:56,wifi_rssi_20:23:00:00:02:57,wifi_rssi_20:23:00:00:02:58,wifi_rssi_20:23:00:00:02:59,wifi_rssi_20:23:00:00:02:60,wifi_rssi_20:23:00:00:02:61,wifi_rssi_20:23:00:00:02:65,wifi_rssi_20:23:00:00:02:67,wifi_rssi_20:23:00:00:02:70,wifi_rssi_20:23:00:00:02:73,wifi_rssi_20:23:00:00:02:74,wifi_rssi_20:23:00:00:02:82,wifi_rssi_20:23:00:00:02:88,wifi_rssi_20:23:00:00:02:89,wifi_rssi_20:23:00:00:03:08,wifi_rssi_20:23:00:00:03:11,wifi_rssi_20:23:00:00:03:12,wifi_rssi_20:23:00:00:03:13,wifi_rssi_20:23:00:00:03:15,wifi_rssi_20:23:00:00:03:16,wifi_rssi_20:23:00:00:03:17,wifi_rssi_20:23:00:00:03:20,wifi_rssi_20:23:00:00:03:21,wifi_rssi_20:23:00:00:03:22,wifi_rssi_20:23:00:00:03:25,wifi_rssi_20:23:00:00:03:26,wifi_rssi_20:23:00:00:03:27,wifi_rssi_20:23:00:00:03:28,wifi_rssi_20:23:00:00:03:29,wifi_rssi_20:23:00:00:03:30,wifi_rssi_20:23:00:00:03:31,wifi_rssi_20:23:00:00:03:32,wifi_rssi_20:23:00:00:03:33,wifi_rssi_20:23:00:00:03:34,wifi_rssi_20:23:00:00:03:35,wifi_rssi_20:23:00:00:03:36,wifi_rssi_20:23:00:00:03:37,wifi_rssi_20:23:00:00:03:38,wifi_rssi_20:23:00:00:03:39,wifi_rssi_20:23:00:00:03:40,wifi_rssi_20:23:00:00:03:41,wifi_rssi_20:23:00:00:03:42,wifi_rssi_20:23:00:00:03:43,wifi_rssi_20:23:00:00:03:44,wifi_rssi_20:23:00:00:03:45,wifi_rssi_20:23:00:00:03:46,wifi_rssi_20:23:00:00:03:47,wifi_rssi_20:23:00:00:03:48
1.4876,-87.0,-140.0,-140.0,-140,-140,-140,-140,-140,-140.0,-140,-140,-140.0,-140,-140,-140.0,-140,-140,-140,-140,-140,-140,-140,-140.0,-140.0,-140,-140,-140,-140,-140,-140,-140,-140,-140,-140,-140,-140,-140.0,-140.0,-140.0,-140,-140,-140,-140,-140,-140,-140.0,-140,-140,-140,-140,-140,-140.0,-140,-140,-140.0,-140,-140,-140.0,-140.0,-140.0,-140.0,-140,-140.0,-140.0,-85.0,-140,-140,-140,-140,-140,-140,-140,-140,-140,-140,-140,-140,-140,-140,-140,-140,-140,-140,-140,-140,-140,-140,-140,-140,-140.0,-140.0,-140,-140.0,-140.0,-140.0,-140.0,-140,-140,-140,-140,-140.0,-140,-140,-140,-140,-140,-140,-140,-140,-140,-140.0,-140,-140,-140,-140,-140,-140,-140,-140,-140.0,-140.0,-140,-140.0,-140,-140,-140.0,-140,-140,-76.0,-140,-140,-140.0,-140,-140,-140,-140,-140.0,-140,-140,-140.0,-140.0,-140.0,-140.0,-140.0,-140.0,-140,-140.0,-140.0,-140.0,-140.0,-140.0,-140.0,-140.0,-140.0,-140.0,-140.0,-140,-140,-140.0,-140,-140,-140,-140,-140.0,-140,-140.0,-140,-140,-140,-140,-140,-140,-140,-140,-140,-140,-140,-140,-140,-140,-140,-140,-140,-140,-140,-140,-140,-140.0,-140,-140,-140,-140,-140,-140,-140.0,-140,-140,-140,-140,-140,-140,-140,-140,-140.0,-140,-140,-140,-140,-140,-140,-140,-140,-140,-140.0,-140,-140.0,-140,-140.0,-140,-140,-140,-140,-140,-140,-140,-140,-140,-140,-140,-140,-140,-140,-140,-140,-140,-140,-140
3.4936,-140.0,-140.0,-140.0,-140,-140,-140,-140,-140,-140.0,-140,-140,-140.0,-140,-140,-140.0,-140,-140,-140,-140,-140,-140,-140,-140.0,-140.0,-140,-140,-140,-140,-140,-140,-140,-140,-140,-140,-140,-140,-140.0,-140.0,-140.0,-140,-140,-140,-140,-140,-140,-140.0,-140,-140,-140,-140,-140,-140.0,-140,-140,-140.0,-140,-140,-92.0,-140.0,-140.0,-140.0,-140,-140.0,-140.0,-89.0,-140,-140,-140,-140,-140,-140,-140,-140,-140,-140,-140,-140,-140,-140,-140,-140,-140,-140,-140,-140,-140,-140,-140,-140,-140.0,-140.0,-140,-140.0,-140.0,-140.0,-140.0,-140,-140,-140,-140,-140.0,-140,-140,-140,-140,-140,-140,-140,-140,-140,-140.0,-140,-140,-140,-140,-140,-140,-140,-140,-140.0,-140.0,-140,-140.0,-140,-140,-140.0,-140,-140,-71.0,-140,-140,-140.0,-140,-140,-140,-140,-140.0,-140,-140,-140.0,-140.0,-140.0,-140.0,-140.0,-140.0,-140,-140.0,-140.0,-140.0,-140.0,-140.0,-140.0,-140.0,-140.0,-140.0,-140.0,-140,-140,-140.0,-140,-140,-140,-140,-140.0,-140,-140.0,-140,-140,-140,-140,-140,-140,-140,-140,-140,-140,-140,-140,-140,-140,-140,-140,-140,-140,-140,-140,-140,-140.0,-140,-140,-140,-140,-140,-140,-140.0,-140,-140,-140,-140,-140,-140,-140,-140,-140.0,-140,-140,-140,-140,-140,-140,-140,-140,-140,-91.0,-140,-140.0,-140,-140.0,-140,-140,-140,-140,-140,-140,-140,-140,-140,-140,-140,-140,-140,-140,-140,-140,-140,-140,-140
5.4902,-140.0,-140.0,-140.0,-140,-140,-140,-140,-140,-140.0,-140,-140,-140.0,-140,-140,-140.0,-140,-140,-140,-140,-140,-140,-140,-140.0,-140.0,-140,-140,-140,-140,-140,-140,-140,-140,-140,-140,-140,-140,-140.0,-140.0,-140.0,-140,-140,-140,-140,-140,-140,-140.0,-140,-140,-140,-140,-140,-140.0,-140,-140,-140.0,-140,-140,-140.0,-140.0,-140.0,-140.0,-140,-140.0,-140.0,-83.0,-140,-140,-140,-140,-140,-140,-140,-140,-140,-140,-140,-140,-140,-140,-140,-140,-140,-140,-140,-140,-140,-140,-140,-140,-140.0,-140.0,-140,-140.0,-140.0,-140.0,-140.0,-140,-140,-140,-140,-140.0,-140,-140,-140,-140,-140,-140,-140,-140,-140,-140.0,-140,-140,-140,-140,-140,-140,-140,-140,-140.0,-140.0,-140,-140.0,-140,-140,-140.0,-140,-140,-65.0,-140,-140,-140.0,-140,-140,-140,-140,-140.0,-140,-140,-140.0,-140.0,-140.0,-140.0,-140.0,-140.0,-140,-140.0,-140.0,-140.0,-140.0,-140.0,-93.0,-140.0,-140.0,-92.0,-91.0,-140,-140,-140.0,-140,-140,-140,-140,-140.0,-140,-140.0,-140,-140,-140,-140,-140,-140,-140,-140,-140,-140,-140,-140,-140,-140,-140,-140,-140,-140,-140,-140,-140,-140.0,-140,-140,-140,-140,-140,-140,-140.0,-140,-140,-140,-140,-140,-140,-140,-140,-140.0,-140,-140,-140,-140,-140,-140,-140,-140,-140,-87.0,-140,-140.0,-140,-140.0,-140,-140,-140,-140,-140,-140,-140,-140,-140,-140,-140,-140,-140,-140,-140,-140,-140,-140,-140
7.4666,-91.0,-140.0,-140.0,-140,-140,-140,-140,-140,-140.0,-140,-140,-140.0,-140,-140,-140.0,-140,-140,-140,-140,-140,-140,-140,-140.0,-140.0,-140,-140,-140,-140,-140,-140,-140,-140,-140,-140,-140,-140,-140.0,-140.0,-140.0,-140,-140,-140,-140,-140,-140,-140.0,-140,-140,-140,-140,-140,-140.0,-140,-140,-140.0,-140,-140,-140.0,-140.0,-140.0,-140.0,-140,-140.0,-140.0,-89.0,-140,-140,-140,-140,-140,-140,-140,-140,-140,-140,-140,-140,-140,-140,-140,-140,-140,-140,-140,-140,-140,-140,-140,-140,-140.0,-140.0,-140,-140.0,-140.0,-140.0,-140.0,-140,-140,-140,-140,-140.0,-140,-140,-140,-140,-140,-140,-140,-140,-140,-140.0,-140,-140,-140,-140,-140,-140,-140,-140,-140.0,-140.0,-140,-140.0,-140,-140,-140.0,-140,-140,-69.0,-140,-140,-140.0,-140,-140,-140,-140,-140.0,-140,-140,-140.0,-140.0,-140.0,-140.0,-140.0,-140.0,-140,-140.0,-140.0,-140.0,-140.0,-140.0,-140.0,-140.0,-140.0,-140.0,-93.0,-140,-140,-140.0,-140,-140,-140,-140,-140.0,-140,-140.0,-140,-140,-140,-140,-140,-140,-140,-140,-140,-140,-140,-140,-140,-140,-140,-140,-140,-140,-140,-140,-140,-140.0,-140,-140,-140,-140,-140,-140,-140.0,-140,-140,-140,-140,-140,-140,-140,-140,-140.0,-140,-140,-140,-140,-140,-140,-140,-140,-140,-140.0,-140,-140.0,-140,-140.0,-140,-140,-140,-140,-140,-140,-140,-140,-140,-140,-140,-140,-140,-140,-140,-140,-140,-140,-140
9.469,-83.0,-140.0,-140.0,-140,-140,-140,-140,-140,-140.0,-140,-140,-140.0,-140,-140,-140.0,-140,-140,-140,-140,-140,-140,-140,-140.0,-140.0,-140,-140,-140,-140,-140,-140,-140,-140,-140,-140,-140,-140,-140.0,-140.0,-140.0,-140,-140,-140,-140,-140,-140,-140.0,-140,-140,-140,-140,-140,-140.0,-140,-140,-140.0,-140,-140,-140.0,-140.0,-140.0,-140.0,-140,-140.0,-140.0,-85.0,-140,-140,-140,-140,-140,-140,-140,-140,-140,-140,-140,-140,-140,-140,-140,-140,-140,-140,-140,-140,-140,-140,-140,-140,-140.0,-140.0,-140,-140.0,-140.0,-140.0,-140.0,-140,-140,-140,-140,-140.0,-140,-140,-140,-140,-140,-140,-140,-140,-140,-140.0,-140,-140,-140,-140,-140,-140,-140,-140,-140.0,-140.0,-140,-140.0,-140,-140,-140.0,-140,-140,-69.0,-140,-140,-140.0,-140,-140,-140,-140,-140.0,-140,-140,-140.0,-140.0,-140.0,-140.0,-140.0,-140.0,-140,-140.0,-140.0,-140.0,-140.0,-140.0,-140.0,-140.0,-140.0,-140.0,-93.0,-140,-140,-140.0,-140,-140,-140,-140,-140.0,-140,-140.0,-140,-140,-140,-140,-140,-140,-140,-140,-140,-140,-140,-140,-140,-140,-140,-140,-140,-140,-140,-140,-140,-140.0,-140,-140,-140,-140,-140,-140,-140.0,-140,-140,-140,-140,-140,-140,-140,-140,-140.0,-140,-140,-140,-140,-140,-140,-140,-140,-140,-140.0,-140,-140.0,-140,-140.0,-140,-140,-140,-140,-140,-140,-140,-140,-140,-140,-140,-140,-140,-140,-140,-140,-140,-140,-140
11.5126,-81.0,-140.0,-140.0,-140,-140,-140,-140,-140,-140.0,-140,-140,-140.0,-140,-140,-140.0,-140,-140,-140,-140,-140,-140,-140,-140.0,-140.0,-140,-140,-140,-140,-140,-140,-140,-140,-140,-140,-140,-140,-140.0,-140.0,-140.0,-140,-140,-140,-140,-140,-140,-140.0,-140,-140,-140,-140,-140,-140.0,-140,-140,-140.0,-140,-140,-95.0,-140.0,-140.0,-140.0,-140,-140.0,-140.0,-88.0,-140,-140,-140,-140,-140,-140,-140,-140,-140,-140,-140,-140,-140,-140,-140,-140,-140,-140,-140,-140,-140,-140,-140,-140,-140.0,-140.0,-140,-140.0,-140.0,-140.0,-140.0,-140,-140,-140,-140,-140.0,-140,-140,-140,-140,-140,-140,-140,-140,-140,-140.0,-140,-140,-140,-140,-140,-140,-140,-140,-140.0,-140.0,-140,-140.0,-140,-140,-140.0,-140,-140,-67.0,-140,-140,-140.0,-140,-140,-140,-140,-140.0,-140,-140,-140.0,-140.0,-140.0,-140.0,-140.0,-140.0,-140,-140.0,-140.0,-140.0,-140.0,-140.0,-140.0,-140.0,-140.0,-140.0,-140.0,-140,-140,-140.0,-140,-140,-140,-140,-140.0,-140,-140.0,-140,-140,-140,-140,-140,-140,-140,-140,-140,-140,-140,-140,-140,-140,-140,-140,-140,-140,-140,-140,-140,-140.0,-140,-140,-140,-140,-140,-140,-140.0,-140,-140,-140,-140,-140,-140,-140,-140,-140.0,-140,-140,-140,-140,-140,-140,-140,-140,-140,-87.0,-140,-140.0,-140,-140.0,-140,-140,-140,-140,-140,-140,-140,-140,-140,-140,-140,-140,-140,-140,-140,-140,-140,-140,-140
13.5716,-84.0,-140.0,-140.0,-140,-140,-140,-140,-140,-140.0,-140,-140,-140.0,-140,-140,-140.0,-140,-140,-140,-140,-140,-140,-140,-140.0,-140.0,-140,-140,-140,-140,-140,-140,-140,-140,-140,-140,-140,-140,-140.0,-140.0,-140.0,-140,-140,-140,-140,-140,-140,-140.0,-140,-140,-140,-140,-140,-140.0,-140,-140,-140.0,-140,-140,-140.0,-140.0,-140.0,-140.0,-140,-140.0,-140.0,-86.0,-140,-140,-140,-140,-140,-140,-140,-140,-140,-140,-140,-140,-140,-140,-140,-140,-140,-140,-140,-140,-140,-140,-140,-140,-140.0,-140.0,-140,-140.0,-140.0,-140.0,-140.0,-140,-140,-140,-140,-140.0,-140,-140,-140,-140,-140,-140,-140,-140,-140,-140.0,-140,-140,-140,-140,-140,-140,-140,-140,-140.0,-140.0,-140,-140.0,-140,-140,-140.0,-140,-140,-75.0,-140,-140,-140.0,-140,-140,-140,-140,-140.0,-140,-140,-140.0,-140.0,-140.0,-140.0,-140.0,-140.0,-140,-140.0,-140.0,-140.0,-140.0,-140.0,-140.0,-140.0,-140.0,-140.0,-140.0,-140,-140,-140.0,-140,-140,-140,-140,-140.0,-140,-140.0,-140,-140,-140,-140,-140,-140,-140,-140,-140,-140,-140,-140,-140,-140,-140,-140,-140,-140,-140,-140,-140,-140.0,-140,-140,-140,-140,-140,-140,-140.0,-140,-140,-140,-140,-140,-140,-140,-140,-140.0,-140,-140,-140,-140,-140,-140,-140,-140,-140,-92.0,-140,-140.0,-140,-140.0,-140,-140,-140,-140,-140,-140,-140,-140,-140,-140,-140,-140,-140,-140,-140,-140,-140,-140,-140
15.5014,-91.0,-140.0,-140.0,-140,-140,-140,-140,-140,-140.0,-140,-140,-140.0,-140,-140,-140.0,-140,-140,-140,-140,-140,-140,-140,-140.0,-140.0,-140,-140,-140,-140,-140,-140,-140,-140,-140,-140,-140,-140,-140.0,-140.0,-140.0,-140,-140,-140,-140,-140,-140,-140.0,-140,-140,-140,-140,-140,-140.0,-140,-140,-140.0,-140,-140,-140.0,-140.0,-140.0,-140.0,-140,-140.0,-140.0,-83.0,-140,-140,-140,-140,-140,-140,-140,-140,-140,-140,-140,-140,-140,-140,-140,-140,-140,-140,-140,-140,-140,-140,-140,-140,-140.0,-140.0,-140,-140.0,-140.0,-140.0,-140.0,-140,-140,-140,-140,-140.0,-140,-140,-140,-140,-140,-140,-140,-140,-140,-140.0,-140,-140,-140,-140,-140,-140,-140,-140,-140.0,-140.0,-140,-140.0,-140,-140,-140.0,-140,-140,-66.0,-140,-140,-140.0,-140,-140,-140,-140,-140.0,-140,-140,-140.0,-140.0,-140.0,-140.0,-140.0,-140.0,-140,-140.0,-140.0,-140.0,-140.0,-140.0,-140.0,-140.0,-140.0,-140.0,-140.0,-140,-140,-140.0,-140,-140,-140,-140,-140.0,-140,-140.0,-140,-140,-140,-140,-140,-140,-140,-140,-140,-140,-140,-140,-140,-140,-140,-140,-140,-140,-140,-140,-140,-140.0,-140,-140,-140,-140,-140,-140,-140.0,-140,-140,-140,-140,-140,-140,-140,-140,-140.0,-140,-140,-140,-140,-140,-140,-140,-140,-140,-140.0,-140,-140.0,-140,-140.0,-140,-140,-140,-140,-140,-140,-140,-140,-140,-140,-140,-140,-140,-140,-140,-140,-140,-140,-140
17.4953,-82.0,-140.0,-140.0,-140,-140,-140,-140,-140,-92.0,-140,-140,-140.0,-140,-140,-140.0,-140,-140,-140,-140,-140,-140,-140,-140.0,-140.0,-140,-140,-140,-140,-140,-140,-140,-140,-140,-140,-140,-140,-140.0,-140.0,-140.0,-140,-140,-140,-140,-140,-140,-140.0,-140,-140,-140,-140,-140,-140.0,-140,-140,-140.0,-140,-140,-140.0,-140.0,-140.0,-140.0,-140,-140.0,-140.0,-140.0,-140,-140,-140,-140,-140,-140,-140,-140,-140,-140,-140,-140,-140,-140,-140,-140,-140,-140,-140,-140,-140,-140,-140,-140,-140.0,-140.0,-140,-140.0,-140.0,-140.0,-140.0,-140,-140,-140,-140,-140.0,-140,-140,-140,-140,-140,-140,-140,-140,-140,-140.0,-140,-140,-140,-140,-140,-140,-140,-140,-140.0,-140.0,-140,-140.0,-140,-140,-140.0,-140,-140,-67.0,-140,-140,-140.0,-140,-140,-140,-140,-140.0,-140,-140,-140.0,-140.0,-140.0,-140.0,-140.0,-140.0,-140,-140.0,-140.0,-140.0,-140.0,-140.0,-140.0,-140.0,-140.0,-140.0,-94.0,-140,-140,-140.0,-140,-140,-140,-140,-140.0,-140,-140.0,-140,-140,-140,-140,-140,-140,-140,-140,-140,-140,-140,-140,-140,-140,-140,-140,-140,-140,-140,-140,-140,-140.0,-140,-140,-140,-140,-140,-140,-140.0,-140,-140,-140,-140,-140,-140,-140,-140,-140.0,-140,-140,-140,-140,-140,-140,-140,-140,-140,-140.0,-140,-140.0,-140,-140.0,-140,-140,-140,-140,-140,-140,-140,-140,-140,-140,-140,-140,-140,-140,-140,-140,-140,-140,-140
19.4812,-86.0,-140.0,-140.0,-140,-140,-140,-140,-140,-140.0,-140,-140,-140.0,-140,-140,-140.0,-140,-140,-140,-140,-140,-140,-140,-140.0,-140.0,-140,-140,-140,-140,-140,-140,-140,-140,-140,-140,-140,-140,-140.0,-140.0,-140.0,-140,-140,-140,-140,-140,-140,-140.0,-140,-140,-140,-140,-140,-140.0,-140,-140,-140.0,-140,-140,-140.0,-140.0,-140.0,-140.0,-140,-140.0,-140.0,-79.0,-140,-140,-140,-140,-140,-140,-140,-140,-140,-140,-140,-140,-140,-140,-140,-140,-140,-140,-140,-140,-140,-140,-140,-140,-140.0,-140.0,-140,-140.0,-140.0,-140.0,-140.0,-140,-140,-140,-140,-140.0,-140,-140,-140,-140,-140,-140,-140,-140,-140,-140.0,-140,-140,-140,-140,-140,-140,-140,-140,-140.0,-140.0,-140,-140.0,-140,-140,-140.0,-140,-140,-64.0,-140,-140,-140.0,-140,-140,-140,-140,-93.0,-140,-140,-140.0,-140.0,-140.0,-140.0,-140.0,-140.0,-140,-140.0,-140.0,-140.0,-140.0,-140.0,-93.0,-140.0,-140.0,-91.0,-94.0,-140,-140,-140.0,-140,-140,-140,-140,-140.0,-140,-140.0,-140,-140,-140,-140,-140,-140,-140,-140,-140,-140,-140,-140,-140,-140,-140,-140,-140,-140,-140,-140,-140,-140.0,-140,-140,-140,-140,-140,-140,-140.0,-140,-140,-140,-140,-140,-140,-140,-140,-140.0,-140,-140,-140,-140,-140,-140,-140,-140,-140,-140.0,-140,-140.0,-140,-140.0,-140,-140,-140,-140,-140,-140,-140,-140,-140,-140,-140,-140,-140,-140,-140,-140,-140,-140,-140
21.4842,-92.0,-140.0,-140.0,-140,-140,-140,-140,-140,-140.0,-140,-140,-140.0,-140,-140,-140.0,-140,-140,-140,-140,-140,-140,-140,-140.0,-140.0,-140,-140,-140,-140,-140,-140,-140,-140,-140,-140,-140,-140,-140.0,-140.0,-140.0,-140,-140,-140,-140,-140,-140,-140.0,-140,-140,-140,-140,-140,-140.0,-140,-140,-140.0,-140,-140,-140.0,-140.0,-140.0,-140.0,-140,-140.0,-140.0,-81.0,-140,-140,-140,-140,-140,-140,-140,-140,-140,-140,-140,-140,-140,-140,-140,-140,-140,-140,-140,-140,-140,-140,-140,-140,-140.0,-140.0,-140,-140.0,-140.0,-140.0,-140.0,-140,-140,-140,-140,-140.0,-140,-140,-140,-140,-140,-140,-140,-140,-140,-140.0,-140,-140,-140,-140,-140,-140,-140,-140,-140.0,-140.0,-140,-140.0,-140,-140,-140.0,-140,-140,-69.0,-140,-140,-140.0,-140,-140,-140,-140,-140.0,-140,-140,-140.0,-140.0,-140.0,-140.0,-140.0,-140.0,-140,-140.0,-140.0,-140.0,-140.0,-140.0,-140.0,-140.0,-140.0,-140.0,-140.0,-140,-140,-140.0,-140,-140,-140,-140,-140.0,-140,-140.0,-140,-140,-140,-140,-140,-140,-140,-140,-140,-140,-140,-140,-140,-140,-140,-140,-140,-140,-140,-140,-140,-140.0,-140,-140,-140,-140,-140,-140,-140.0,-140,-140,-140,-140,-140,-140,-140,-140,-140.0,-140,-140,-140,-140,-140,-140,-140,-140,-140,-96.0,-140,-140.0,-140,-140.0,-140,-140,-140,-140,-140,-140,-140,-140,-140,-140,-140,-140,-140,-140,-140,-140,-140,-140,-140
23.495,-140.0,-140.0,-140.0,-140,-140,-140,-140,-140,-140.0,-140,-140,-140.0,-140,-140,-140.0,-140,-140,-140,-140,-140,-140,-140,-140.0,-140.0,-140,-140,-140,-140,-140,-140,-140,-140,-140,-140,-140,-140,-140.0,-140.0,-140.0,-140,-140,-140,-140,-140,-140,-140.0,-140,-140,-140,-140,-140,-140.0,-140,-140,-140.0,-140,-140,-140.0,-140.0,-140.0,-140.0,-140,-140.0,-140.0,-81.0,-140,-140,-140,-140,-140,-140,-140,-140,-140,-140,-140,-140,-140,-140,-140,-140,-140,-140,-140,-140,-140,-140,-140,-140,-140.0,-140.0,-140,-140.0,-140.0,-140.0,-140.0,-140,-140,-140,-140,-140.0,-140,-140,-140,-140,-140,-140,-140,-140,-140,-140.0,-140,-140,-140,-140,-140,-140,-140,-140,-140.0,-140.0,-140,-140.0,-140,-140,-140.0,-140,-140,-77.0,-140,-140,-140.0,-140,-140,-140,-140,-140.0,-140,-140,-140.0,-140.0,-140.0,-140.0,-140.0,-140.0,-140,-140.0,-140.0,-140.0,-140.0,-140.0,-92.0,-140.0,-140.0,-92.0,-94.0,-140,-140,-140.0,-140,-140,-140,-140,-140.0,-140,-140.0,-140,-140,-140,-140,-140,-140,-140,-140,-140,-140,-140,-140,-140,-140,-140,-140,-140,-140,-140,-140,-140,-140.0,-140,-140,-140,-140,-140,-140,-140.0,-140,-140,-140,-140,-140,-140,-140,-140,-140.0,-140,-140,-140,-140,-140,-140,-140,-140,-140,-94.0,-140,-140.0,-140,-140.0,-140,-140,-140,-140,-140,-140,-140,-140,-140,-140,-140,-140,-140,-140,-140,-140,-140,-140,-140
25.491,-88.0,-140.0,-140.0,-140,-140,-140,-140,-140,-140.0,-140,-140,-140.0,-140,-140,-140.0,-140,-140,-140,-140,-140,-140,-140,-140.0,-140.0,-140,-140,-140,-140,-140,-140,-140,-140,-140,-140,-140,-140,-140.0,-140.0,-140.0,-140,-140,-140,-140,-140,-140,-140.0,-140,-140,-140,-140,-140,-140.0,-140,-140,-140.0,-140,-140,-91.0,-140.0,-140.0,-140.0,-140,-140.0,-140.0,-88.0,-140,-140,-140,-140,-140,-140,-140,-140,-140,-140,-140,-140,-140,-140,-140,-140,-140,-140,-140,-140,-140,-140,-140,-140,-140.0,-140.0,-140,-140.0,-140.0,-140.0,-140.0,-140,-140,-140,-140,-140.0,-140,-140,-140,-140,-140,-140,-140,-140,-140,-140.0,-140,-140,-140,-140,-140,-140,-140,-140,-140.0,-140.0,-140,-140.0,-140,-140,-140.0,-140,-140,-72.0,-140,-140,-140.0,-140,-140,-140,-140,-140.0,-140,-140,-140.0,-140.0,-140.0,-140.0,-140.0,-140.0,-140,-140.0,-140.0,-140.0,-140.0,-140.0,-140.0,-140.0,-140.0,-140.0,-140.0,-140,-140,-140.0,-140,-140,-140,-140,-140.0,-140,-140.0,-140,-140,-140,-140,-140,-140,-140,-140,-140,-140,-140,-140,-140,-140,-140,-140,-140,-140,-140,-140,-140,-140.0,-140,-140,-140,-140,-140,-140,-140.0,-140,-140,-140,-140,-140,-140,-140,-140,-140.0,-140,-140,-140,-140,-140,-140,-140,-140,-140,-140.0,-140,-140.0,-140,-140.0,-140,-140,-140,-140,-140,-140,-140,-140,-140,-140,-140,-140,-140,-140,-140,-140,-140,-140,-140
27.4824,-83.0,-140.0,-140.0,-140,-140,-140,-140,-140,-140.0,-140,-140,-140.0,-140,-140,-140.0,-140,-140,-140,-140,-140,-140,-140,-140.0,-140.0,-140,-140,-140,-140,-140,-140,-140,-140,-140,-140,-140,-140,-140.0,-140.0,-140.0,-140,-140,-140,-140,-140,-140,-140.0,-140,-140,-140,-140,-140,-140.0,-140,-140,-140.0,-140,-140,-140.0,-140.0,-140.0,-140.0,-140,-140.0,-140.0,-86.0,-140,-140,-140,-140,-140,-140,-140,-140,-140,-140,-140,-140,-140,-140,-140,-140,-140,-140,-140,-140,-140,-140,-140,-140,-140.0,-140.0,-140,-140.0,-140.0,-140.0,-140.0,-140,-140,-140,-140,-140.0,-140,-140,-140,-140,-140,-140,-140,-140,-140,-140.0,-140,-140,-140,-140,-140,-140,-140,-140,-140.0,-140.0,-140,-140.0,-140,-140,-140.0,-140,-140,-68.0,-140,-140,-140.0,-140,-140,-140,-140,-140.0,-140,-140,-140.0,-140.0,-140.0,-140.0,-140.0,-140.0,-140,-140.0,-140.0,-140.0,-140.0,-140.0,-140.0,-140.0,-140.0,-140.0,-140.0,-140,-140,-140.0,-140,-140,-140,-140,-140.0,-140,-140.0,-140,-140,-140,-140,-140,-140,-140,-140,-140,-140,-140,-140,-140,-140,-140,-140,-140,-140,-140,-140,-140,-140.0,-140,-140,-140,-140,-140,-140,-140.0,-140,-140,-140,-140,-140,-140,-140,-140,-140.0,-140,-140,-140,-140,-140,-140,-140,-140,-140,-140.0,-140,-140.0,-140,-140.0,-140,-140,-140,-140,-140,-140,-140,-140,-140,-140,-140,-140,-140,-140,-140,-140,-140,-140,-140
29.4816,-87.0,-140.0,-140.0,-140,-140,-140,-140,-140,-140.0,-140,-140,-140.0,-140,-140,-140.0,-140,-140,-140,-140,-140,-140,-140,-140.0,-140.0,-140,-140,-140,-140,-140,-140,-140,-140,-140,-140,-140,-140,-140.0,-140.0,-140.0,-140,-140,-140,-140,-140,-140,-140.0,-140,-140,-140,-140,-140,-140.0,-140,-140,-140.0,-140,-140,-140.0,-140.0,-140.0,-140.0,-140,-140.0,-140.0,-88.0,-140,-140,-140,-140,-140,-140,-140,-140,-140,-140,-140,-140,-140,-140,-140,-140,-140,-140,-140,-140,-140,-140,-140,-140,-140.0,-140.0,-140,-140.0,-140.0,-140.0,-140.0,-140,-140,-140,-140,-140.0,-140,-140,-140,-140,-140,-140,-140,-140,-140,-140.0,-140,-140,-140,-140,-140,-140,-140,-140,-140.0,-140.0,-140,-140.0,-140,-140,-140.0,-140,-140,-68.0,-140,-140,-140.0,-140,-140,-140,-140,-140.0,-140,-140,-140.0,-140.0,-140.0,-140.0,-140.0,-140.0,-140,-140.0,-140.0,-140.0,-140.0,-140.0,-91.0,-140.0,-140.0,-92.0,-91.0,-140,-140,-140.0,-140,-140,-140,-140,-140.0,-140,-140.0,-140,-140,-140,-140,-140,-140,-140,-140,-140,-140,-140,-140,-140,-140,-140,-140,-140,-140,-140,-140,-140,-140.0,-140,-140,-140,-140,-140,-140,-140.0,-140,-140,-140,-140,-140,-140,-140,-140,-140.0,-140,-140,-140,-140,-140,-140,-140,-140,-140,-92.0,-140,-140.0,-140,-140.0,-140,-140,-140,-140,-140,-140,-140,-140,-140,-140,-140,-140,-140,-140,-140,-140,-140,-140,-140
31.4883,-89.0,-140.0,-140.0,-140,-140,-140,-140,-140,-140.0,-140,-140,-140.0,-140,-140,-140.0,-140,-140,-140,-140,-140,-140,-140,-140.0,-140.0,-140,-140,-140,-140,-140,-140,-140,-140,-140,-140,-140,-140,-140.0,-140.0,-140.0,-140,-140,-140,-140,-140,-140,-140.0,-140,-140,-140,-140,-140,-140.0,-140,-140,-140.0,-140,-140,-140.0,-140.0,-140.0,-140.0,-140,-140.0,-140.0,-86.0,-140,-140,-140,-140,-140,-140,-140,-140,-140,-140,-140,-140,-140,-140,-140,-140,-140,-140,-140,-140,-140,-140,-140,-140,-140.0,-140.0,-140,-140.0,-140.0,-140.0,-140.0,-140,-140,-140,-140,-140.0,-140,-140,-140,-140,-140,-140,-140,-140,-140,-140.0,-140,-140,-140,-140,-140,-140,-140,-140,-140.0,-140.0,-140,-140.0,-140,-140,-140.0,-140,-140,-67.0,-140,-140,-140.0,-140,-140,-140,-140,-140.0,-140,-140,-140.0,-140.0,-140.0,-140.0,-140.0,-140.0,-140,-140.0,-140.0,-140.0,-140.0,-140.0,-92.0,-140.0,-140.0,-140.0,-140.0,-140,-140,-140.0,-140,-140,-140,-140,-140.0,-140,-140.0,-140,-140,-140,-140,-140,-140,-140,-140,-140,-140,-140,-140,-140,-140,-140,-140,-140,-140,-140,-140,-140,-140.0,-140,-140,-140,-140,-140,-140,-140.0,-140,-140,-140,-140,-140,-140,-140,-140,-140.0,-140,-140,-140,-140,-140,-140,-140,-140,-140,-140.0,-140,-140.0,-140,-140.0,-140,-140,-140,-140,-140,-140,-140,-140,-140,-140,-140,-140,-140,-140,-140,-140,-140,-140,-140
33.4796,-140.0,-140.0,-140.0,-140,-140,-140,-140,-140,-140.0,-140,-140,-140.0,-140,-140,-140.0,-140,-140,-140,-140,-140,-140,-140,-140.0,-140.0,-140,-140,-140,-140,-140,-140,-140,-140,-140,-140,-140,-140,-140.0,-140.0,-140.0,-140,-140,-140,-140,-140,-140,-140.0,-140,-140,-140,-140,-140,-140.0,-140,-140,-140.0,-140,-140,-140.0,-140.0,-140.0,-140.0,-140,-140.0,-140.0,-80.0,-140,-140,-140,-140,-140,-140,-140,-140,-140,-140,-140,-140,-140,-140,-140,-140,-140,-140,-140,-140,-140,-140,-140,-140,-140.0,-140.0,-140,-140.0,-140.0,-140.0,-140.0,-140,-140,-140,-140,-140.0,-140,-140,-140,-140,-140,-140,-140,-140,-140,-140.0,-140,-140,-140,-140,-140,-140,-140,-140,-140.0,-140.0,-140,-140.0,-140,-140,-140.0,-140,-140,-67.0,-140,-140,-140.0,-140,-140,-140,-140,-140.0,-140,-140,-140.0,-140.0,-140.0,-140.0,-140.0,-140.0,-140,-140.0,-140.0,-140.0,-140.0,-140.0,-140.0,-140.0,-140.0,-95.0,-140.0,-140,-140,-140.0,-140,-140,-140,-140,-140.0,-140,-140.0,-140,-140,-140,-140,-140,-140,-140,-140,-140,-140,-140,-140,-140,-140,-140,-140,-140,-140,-140,-140,-140,-140.0,-140,-140,-140,-140,-140,-140,-140.0,-140,-140,-140,-140,-140,-140,-140,-140,-140.0,-140,-140,-140,-140,-140,-140,-140,-140,-140,-91.0,-140,-140.0,-140,-140.0,-140,-140,-140,-140,-140,-140,-140,-140,-140,-140,-140,-140,-140,-140,-140,-140,-140,-140,-140
35.4751,-88.0,-140.0,-140.0,-140,-140,-140,-140,-140,-140.0,-140,-140,-140.0,-140,-140,-140.0,-140,-140,-140,-140,-140,-140,-140,-140.0,-140.0,-140,-140,-140,-140,-140,-140,-140,-140,-140,-140,-140,-140,-140.0,-140.0,-140.0,-140,-140,-140,-140,-140,-140,-140.0,-140,-140,-140,-140,-140,-140.0,-140,-140,-140.0,-140,-140,-140.0,-140.0,-140.0,-140.0,-140,-140.0,-140.0,-81.0,-140,-140,-140,-140,-140,-140,-140,-140,-140,-140,-140,-140,-140,-140,-140,-140,-140,-140,-140,-140,-140,-140,-140,-140,-140.0,-140.0,-140,-140.0,-140.0,-140.0,-140.0,-140,-140,-140,-140,-140.0,-140,-140,-140,-140,-140,-140,-140,-140,-140,-140.0,-140,-140,-140,-140,-140,-140,-140,-140,-140.0,-140.0,-140,-140.0,-140,-140,-140.0,-140,-140,-64.0,-140,-140,-140.0,-140,-140,-140,-140,-140.0,-140,-140,-140.0,-140.0,-140.0,-140.0,-140.0,-140.0,-140,-140.0,-140.0,-140.0,-140.0,-140.0,-140.0,-140.0,-140.0,-140.0,-140.0,-140,-140,-140.0,-140,-140,-140,-140,-140.0,-140,-140.0,-140,-140,-140,-140,-140,-140,-140,-140,-140,-140,-140,-140,-140,-140,-140,-140,-140,-140,-140,-140,-140,-140.0,-140,-140,-140,-140,-140,-140,-140.0,-140,-140,-140,-140,-140,-140,-140,-140,-140.0,-140,-140,-140,-140,-140,-140,-140,-140,-140,-140.0,-140,-140.0,-140,-140.0,-140,-140,-140,-140,-140,-140,-140,-140,-140,-140,-140,-140,-140,-140,-140,-140,-140,-140,-140
37.5014,-86.0,-140.0,-140.0,-140,-140,-140,-140,-140,-140.0,-140,-140,-140.0,-140,-140,-140.0,-140,-140,-140,-140,-140,-140,-140,-140.0,-140.0,-140,-140,-140,-140,-140,-140,-140,-140,-140,-140,-140,-140,-140.0,-140.0,-140.0,-140,-140,-140,-140,-140,-140,-140.0,-140,-140,-140,-140,-140,-140.0,-140,-140,-140.0,-140,-140,-140.0,-140.0,-140.0,-140.0,-140,-140.0,-140.0,-83.0,-140,-140,-140,-140,-140,-140,-140,-140,-140,-140,-140,-140,-140,-140,-140,-140,-140,-140,-140,-140,-140,-140,-140,-140,-140.0,-140.0,-140,-140.0,-140.0,-140.0,-140.0,-140,-140,-140,-140,-140.0,-140,-140,-140,-140,-140,-140,-140,-140,-140,-140.0,-140,-140,-140,-140,-140,-140,-140,-140,-140.0,-140.0,-140,-140.0,-140,-140,-140.0,-140,-140,-65.0,-140,-140,-140.0,-140,-140,-140,-140,-140.0,-140,-140,-140.0,-140.0,-140.0,-140.0,-140.0,-140.0,-140,-140.0,-140.0,-140.0,-140.0,-140.0,-140.0,-140.0,-140.0,-92.0,-95.0,-140,-140,-140.0,-140,-140,-140,-140,-140.0,-140,-140.0,-140,-140,-140,-140,-140,-140,-140,-140,-140,-140,-140,-140,-140,-140,-140,-140,-140,-140,-140,-140,-140,-140.0,-140,-140,-140,-140,-140,-140,-140.0,-140,-140,-140,-140,-140,-140,-140,-140,-140.0,-140,-140,-140,-140,-140,-140,-140,-140,-140,-88.0,-140,-140.0,-140,-140.0,-140,-140,-140,-140,-140,-140,-140,-140,-140,-140,-140,-140,-140,-140,-140,-140,-140,-140,-140
39.4904,-87.0,-140.0,-140.0,-140,-140,-140,-140,-140,-140.0,-140,-140,-140.0,-140,-140,-140.0,-140,-140,-140,-140,-140,-140,-140,-140.0,-140.0,-140,-140,-140,-140,-140,-140,-140,-140,-140,-140,-140,-140,-140.0,-140.0,-140.0,-140,-140,-140,-140,-140,-140,-140.0,-140,-140,-140,-140,-140,-140.0,-140,-140,-140.0,-140,-140,-140.0,-140.0,-140.0,-140.0,-140,-140.0,-140.0,-77.0,-140,-140,-140,-140,-140,-140,-140,-140,-140,-140,-140,-140,-140,-140,-140,-140,-140,-140,-140,-140,-140,-140,-140,-140,-140.0,-140.0,-140,-140.0,-140.0,-140.0,-140.0,-140,-140,-140,-140,-140.0,-140,-140,-140,-140,-140,-140,-140,-140,-140,-140.0,-140,-140,-140,-140,-140,-140,-140,-140,-140.0,-140.0,-140,-140.0,-140,-140,-140.0,-140,-140,-69.0,-140,-140,-140.0,-140,-140,-140,-140,-140.0,-140,-140,-140.0,-140.0,-140.0,-140.0,-140.0,-140.0,-140,-140.0,-140.0,-140.0,-140.0,-140.0,-140.0,-140.0,-140.0,-140.0,-140.0,-140,-140,-140.0,-140,-140,-140,-140,-140.0,-140,-140.0,-140,-140,-140,-140,-140,-140,-140,-140,-140,-140,-140,-140,-140,-140,-140,-140,-140,-140,-140,-140,-140,-140.0,-140,-140,-140,-140,-140,-140,-140.0,-140,-140,-140,-140,-140,-140,-140,-140,-140.0,-140,-140,-140,-140,-140,-140,-140,-140,-140,-91.0,-140,-140.0,-140,-140.0,-140,-140,-140,-140,-140,-140,-140,-140,-140,-140,-140,-140,-140,-140,-140,-140,-140,-140,-140
41.4831,-87.0,-140.0,-140.0,-140,-140,-140,-140,-140,-140.0,-140,-140,-140.0,-140,-140,-140.0,-140,-140,-140,-140,-140,-140,-140,-140.0,-140.0,-140,-140,-140,-140,-140,-140,-140,-140,-140,-140,-140,-140,-140.0,-140.0,-140.0,-140,-140,-140,-140,-140,-140,-140.0,-140,-140,-140,-140,-140,-140.0,-140,-140,-140.0,-140,-140,-140.0,-140.0,-140.0,-140.0,-140,-140.0,-140.0,-78.0,-140,-140,-140,-140,-140,-140,-140,-140,-140,-140,-140,-140,-140,-140,-140,-140,-140,-140,-140,-140,-140,-140,-140,-140,-140.0,-140.0,-140,-140.0,-140.0,-140.0,-140.0,-140,-140,-140,-140,-140.0,-140,-140,-140,-140,-140,-140,-140,-140,-140,-140.0,-140,-140,-140,-140,-140,-140,-140,-140,-140.0,-140.0,-140,-140.0,-140,-140,-140.0,-140,-140,-69.0,-140,-140,-140.0,-140,-140,-140,-140,-140.0,-140,-140,-140.0,-140.0,-140.0,-140.0,-140.0,-140.0,-140,-140.0,-140.0,-140.0,-140.0,-140.0,-140.0,-140.0,-140.0,-140.0,-140.0,-140,-140,-140.0,-140,-140,-140,-140,-140.0,-140,-140.0,-140,-140,-140,-140,-140,-140,-140,-140,-140,-140,-140,-140,-140,-140,-140,-140,-140,-140,-140,-140,-140,-140.0,-140,-140,-140,-140,-140,-140,-140.0,-140,-140,-140,-140,-140,-140,-140,-140,-140.0,-140,-140,-140,-140,-140,-140,-140,-140,-140,-90.0,-140,-140.0,-140,-140.0,-140,-140,-140,-140,-140,-140,-140,-140,-140,-140,-140,-140,-140,-140,-140,-140,-140,-140,-140
43.4807,-86.0,-140.0,-140.0,-140,-140,-140,-140,-140,-140.0,-140,-140,-140.0,-140,-140,-140.0,-140,-140,-140,-140,-140,-140,-140,-140.0,-140.0,-140,-140,-140,-140,-140,-140,-140,-140,-140,-140,-140,-140,-140.0,-140.0,-140.0,-140,-140,-140,-140,-140,-140,-140.0,-140,-140,-140,-140,-140,-140.0,-140,-140,-140.0,-140,-140,-140.0,-140.0,-140.0,-140.0,-140,-140.0,-140.0,-80.0,-140,-140,-140,-140,-140,-140,-140,-140,-140,-140,-140,-140,-140,-140,-140,-140,-140,-140,-140,-140,-140,-140,-140,-140,-140.0,-140.0,-140,-140.0,-140.0,-140.0,-140.0,-140,-140,-140,-140,-140.0,-140,-140,-140,-140,-140,-140,-140,-140,-140,-140.0,-140,-140,-140,-140,-140,-140,-140,-140,-140.0,-140.0,-140,-140.0,-140,-140,-140.0,-140,-140,-72.0,-140,-140,-140.0,-140,-140,-140,-140,-140.0,-140,-140,-140.0,-140.0,-140.0,-140.0,-140.0,-140.0,-140,-140.0,-140.0,-140.0,-140.0,-140.0,-140.0,-140.0,-140.0,-140.0,-140.0,-140,-140,-140.0,-140,-140,-140,-140,-140.0,-140,-140.0,-140,-140,-140,-140,-140,-140,-140,-140,-140,-140,-140,-140,-140,-140,-140,-140,-140,-140,-140,-140,-140,-140.0,-140,-140,-140,-140,-140,-140,-140.0,-140,-140,-140,-140,-140,-140,-140,-140,-140.0,-140,-140,-140,-140,-140,-140,-140,-140,-140,-140.0,-140,-140.0,-140,-140.0,-140,-140,-140,-140,-140,-140,-140,-140,-140,-140,-140,-140,-140,-140,-140,-140,-140,-140,-140
45.4794,-89.0,-140.0,-140.0,-140,-140,-140,-140,-140,-140.0,-140,-140,-140.0,-140,-140,-140.0,-140,-140,-140,-140,-140,-140,-140,-140.0,-140.0,-140,-140,-140,-140,-140,-140,-140,-140,-140,-140,-140,-140,-140.0,-140.0,-140.0,-140,-140,-140,-140,-140,-140,-140.0,-140,-140,-140,-140,-140,-140.0,-140,-140,-140.0,-140,-140,-140.0,-140.0,-140.0,-140.0,-140,-140.0,-140.0,-78.0,-140,-140,-140,-140,-140,-140,-140,-140,-140,-140,-140,-140,-140,-140,-140,-140,-140,-140,-140,-140,-140,-140,-140,-140,-140.0,-140.0,-140,-140.0,-140.0,-140.0,-140.0,-140,-140,-140,-140,-140.0,-140,-140,-140,-140,-140,-140,-140,-140,-140,-140.0,-140,-140,-140,-140,-140,-140,-140,-140,-140.0,-140.0,-140,-140.0,-140,-140,-140.0,-140,-140,-72.0,-140,-140,-140.0,-140,-140,-140,-140,-140.0,-140,-140,-140.0,-140.0,-140.0,-140.0,-140.0,-140.0,-140,-140.0,-140.0,-140.0,-140.0,-140.0,-140.0,-140.0,-140.0,-140.0,-140.0,-140,-140,-140.0,-140,-140,-140,-140,-140.0,-140,-140.0,-140,-140,-140,-140,-140,-140,-140,-140,-140,-140,-140,-140,-140,-140,-140,-140,-140,-140,-140,-140,-140,-140.0,-140,-140,-140,-140,-140,-140,-140.0,-140,-140,-140,-140,-140,-140,-140,-140,-140.0,-140,-140,-140,-140,-140,-140,-140,-140,-140,-93.0,-140,-140.0,-140,-140.0,-140,-140,-140,-140,-140,-140,-140,-140,-140,-140,-140,-140,-140,-140,-140,-140,-140,-140,-140
47.4874,-90.0,-140.0,-140.0,-140,-140,-140,-140,-140,-94.0,-140,-140,-140.0,-140,-140,-140.0,-140,-140,-140,-140,-140,-140,-140,-140.0,-140.0,-140,-140,-140,-140,-140,-140,-140,-140,-140,-140,-140,-140,-140.0,-140.0,-140.0,-140,-140,-140,-140,-140,-140,-140.0,-140,-140,-140,-140,-140,-140.0,-140,-140,-140.0,-140,-140,-140.0,-140.0,-140.0,-140.0,-140,-140.0,-140.0,-63.0,-140,-140,-140,-140,-140,-140,-140,-140,-140,-140,-140,-140,-140,-140,-140,-140,-140,-140,-140,-140,-140,-140,-140,-140,-140.0,-140.0,-140,-140.0,-140.0,-140.0,-140.0,-140,-140,-140,-140,-140.0,-140,-140,-140,-140,-140,-140,-140,-140,-140,-140.0,-140,-140,-140,-140,-140,-140,-140,-140,-140.0,-140.0,-140,-140.0,-140,-140,-140.0,-140,-140,-71.0,-140,-140,-140.0,-140,-140,-140,-140,-140.0,-140,-140,-140.0,-140.0,-140.0,-140.0,-140.0,-140.0,-140,-140.0,-140.0,-140.0,-140.0,-140.0,-140.0,-140.0,-140.0,-140.0,-140.0,-140,-140,-140.0,-140,-140,-140,-140,-140.0,-140,-140.0,-140,-140,-140,-140,-140,-140,-140,-140,-140,-140,-140,-140,-140,-140,-140,-140,-140,-140,-140,-140,-140,-140.0,-140,-140,-140,-140,-140,-140,-140.0,-140,-140,-140,-140,-140,-140,-140,-140,-140.0,-140,-140,-140,-140,-140,-140,-140,-140,-140,-140.0,-140,-140.0,-140,-140.0,-140,-140,-140,-140,-140,-140,-140,-140,-140,-140,-140,-140,-140,-140,-140,-140,-140,-140,-140
49.5134,-90.0,-140.0,-140.0,-140,-140,-140,-140,-140,-140.0,-140,-140,-140.0,-140,-140,-140.0,-140,-140,-140,-140,-140,-140,-140,-140.0,-140.0,-140,-140,-140,-140,-140,-140,-140,-140,-140,-140,-140,-140,-140.0,-140.0,-140.0,-140,-140,-140,-140,-140,-140,-140.0,-140,-140,-140,-140,-140,-140.0,-140,-140,-140.0,-140,-140,-140.0,-140.0,-140.0,-140.0,-140,-140.0,-140.0,-79.0,-140,-140,-140,-140,-140,-140,-140,-140,-140,-140,-140,-140,-140,-140,-140,-140,-140,-140,-140,-140,-140,-140,-140,-140,-140.0,-140.0,-140,-140.0,-140.0,-140.0,-140.0,-140,-140,-140,-140,-140.0,-140,-140,-140,-140,-140,-140,-140,-140,-140,-140.0,-140,-140,-140,-140,-140,-140,-140,-140,-140.0,-140.0,-140,-140.0,-140,-140,-140.0,-140,-140,-71.0,-140,-140,-140.0,-140,-140,-140,-140,-140.0,-140,-140,-140.0,-140.0,-140.0,-140.0,-140.0,-140.0,-140,-140.0,-140.0,-140.0,-140.0,-140.0,-140.0,-140.0,-140.0,-140.0,-140.0,-140,-140,-140.0,-140,-140,-140,-140,-140.0,-140,-140.0,-140,-140,-140,-140,-140,-140,-140,-140,-140,-140,-140,-140,-140,-140,-140,-140,-140,-140,-140,-140,-140,-140.0,-140,-140,-140,-140,-140,-140,-140.0,-140,-140,-140,-140,-140,-140,-140,-140,-140.0,-140,-140,-140,-140,-140,-140,-140,-140,-140,-140.0,-140,-140.0,-140,-140.0,-140,-140,-140,-140,-140,-140,-140,-140,-140,-140,-140,-140,-140,-140,-140,-140,-140,-140,-140
51.4749,-86.0,-140.0,-140.0,-140,-140,-140,-140,-140,-95.0,-140,-140,-140.0,-140,-140,-140.0,-140,-140,-140,-140,-140,-140,-140,-140.0,-140.0,-140,-140,-140,-140,-140,-140,-140,-140,-140,-140,-140,-140,-140.0,-140.0,-140.0,-140,-140,-140,-140,-140,-140,-140.0,-140,-140,-140,-140,-140,-140.0,-140,-140,-140.0,-140,-140,-140.0,-140.0,-140.0,-140.0,-140,-140.0,-140.0,-79.0,-140,-140,-140,-140,-140,-140,-140,-140,-140,-140,-140,-140,-140,-140,-140,-140,-140,-140,-140,-140,-140,-140,-140,-140,-140.0,-140.0,-140,-140.0,-140.0,-140.0,-140.0,-140,-140,-140,-140,-140.0,-140,-140,-140,-140,-140,-140,-140,-140,-140,-140.0,-140,-140,-140,-140,-140,-140,-140,-140,-140.0,-140.0,-140,-140.0,-140,-140,-140.0,-140,-140,-73.0,-140,-140,-140.0,-140,-140,-140,-140,-140.0,-140,-140,-140.0,-140.0,-140.0,-140.0,-140.0,-140.0,-140,-140.0,-140.0,-140.0,-140.0,-140.0,-140.0,-140.0,-140.0,-140.0,-140.0,-140,-140,-140.0,-140,-140,-140,-140,-140.0,-140,-140.0,-140,-140,-140,-140,-140,-140,-140,-140,-140,-140,-140,-140,-140,-140,-140,-140,-140,-140,-140,-140,-140,-140.0,-140,-140,-140,-140,-140,-140,-140.0,-140,-140,-140,-140,-140,-140,-140,-140,-140.0,-140,-140,-140,-140,-140,-140,-140,-140,-140,-91.0,-140,-140.0,-140,-140.0,-140,-140,-140,-140,-140,-140,-140,-140,-140,-140,-140,-140,-140,-140,-140,-140,-140,-140,-140
53.4906,-140.0,-140.0,-140.0,-140,-140,-140,-140,-140,-140.0,-140,-140,-140.0,-140,-140,-140.0,-140,-140,-140,-140,-140,-140,-140,-140.0,-140.0,-140,-140,-140,-140,-140,-140,-140,-140,-140,-140,-140,-140,-140.0,-140.0,-140.0,-140,-140,-140,-140,-140,-140,-140.0,-140,-140,-140,-140,-140,-140.0,-140,-140,-140.0,-140,-140,-140.0,-140.0,-140.0,-140.0,-140,-140.0,-140.0,-81.0,-140,-140,-140,-140,-140,-140,-140,-140,-140,-140,-140,-140,-140,-140,-140,-140,-140,-140,-140,-140,-140,-140,-140,-140,-140.0,-140.0,-140,-140.0,-140.0,-140.0,-140.0,-140,-140,-140,-140,-140.0,-140,-140,-140,-140,-140,-140,-140,-140,-140,-140.0,-140,-140,-140,-140,-140,-140,-140,-140,-140.0,-140.0,-140,-140.0,-140,-140,-140.0,-140,-140,-73.0,-140,-140,-140.0,-140,-140,-140,-140,-140.0,-140,-140,-140.0,-140.0,-140.0,-140.0,-140.0,-140.0,-140,-140.0,-140.0,-140.0,-140.0,-140.0,-140.0,-140.0,-140.0,-140.0,-140.0,-140,-140,-140.0,-140,-140,-140,-140,-140.0,-140,-140.0,-140,-140,-140,-140,-140,-140,-140,-140,-140,-140,-140,-140,-140,-140,-140,-140,-140,-140,-140,-140,-140,-140.0,-140,-140,-140,-140,-140,-140,-140.0,-140,-140,-140,-140,-140,-140,-140,-140,-140.0,-140,-140,-140,-140,-140,-140,-140,-140,-140,-92.0,-140,-140.0,-140,-140.0,-140,-140,-140,-140,-140,-140,-140,-140,-140,-140,-140,-140,-140,-140,-140,-140,-140,-140,-140
55.4919,-93.0,-140.0,-140.0,-140,-140,-140,-140,-140,-140.0,-140,-140,-140.0,-140,-140,-140.0,-140,-140,-140,-140,-140,-140,-140,-140.0,-140.0,-140,-140,-140,-140,-140,-140,-140,-140,-140,-140,-140,-140,-140.0,-140.0,-140.0,-140,-140,-140,-140,-140,-140,-140.0,-140,-140,-140,-140,-140,-140.0,-140,-140,-140.0,-140,-140,-140.0,-140.0,-140.0,-140.0,-140,-140.0,-140.0,-80.0,-140,-140,-140,-140,-140,-140,-140,-140,-140,-140,-140,-140,-140,-140,-140,-140,-140,-140,-140,-140,-140,-140,-140,-140,-140.0,-140.0,-140,-140.0,-140.0,-140.0,-140.0,-140,-140,-140,-140,-140.0,-140,-140,-140,-140,-140,-140,-140,-140,-140,-140.0,-140,-140,-140,-140,-140,-140,-140,-140,-140.0,-140.0,-140,-140.0,-140,-140,-140.0,-140,-140,-71.0,-140,-140,-140.0,-140,-140,-140,-140,-140.0,-140,-140,-140.0,-140.0,-140.0,-140.0,-140.0,-140.0,-140,-140.0,-140.0,-140.0,-140.0,-140.0,-140.0,-140.0,-140.0,-140.0,-140.0,-140,-140,-140.0,-140,-140,-140,-140,-140.0,-140,-140.0,-140,-140,-140,-140,-140,-140,-140,-140,-140,-140,-140,-140,-140,-140,-140,-140,-140,-140,-140,-140,-140,-140.0,-140,-140,-140,-140,-140,-140,-140.0,-140,-140,-140,-140,-140,-140,-140,-140,-140.0,-140,-140,-140,-140,-140,-140,-140,-140,-140,-140.0,-140,-140.0,-140,-140.0,-140,-140,-140,-140,-140,-140,-140,-140,-140,-140,-140,-140,-140,-140,-140,-140,-140,-140,-140
57.4742,-86.0,-140.0,-140.0,-140,-140,-140,-140,-140,-140.0,-140,-140,-140.0,-140,-140,-140.0,-140,-140,-140,-140,-140,-140,-140,-140.0,-140.0,-140,-140,-140,-140,-140,-140,-140,-140,-140,-140,-140,-140,-140.0,-140.0,-140.0,-140,-140,-140,-140,-140,-140,-140.0,-140,-140,-140,-140,-140,-140.0,-140,-140,-140.0,-140,-140,-140.0,-140.0,-140.0,-140.0,-140,-140.0,-140.0,-80.0,-140,-140,-140,-140,-140,-140,-140,-140,-140,-140,-140,-140,-140,-140,-140,-140,-140,-140,-140,-140,-140,-140,-140,-140,-140.0,-140.0,-140,-140.0,-140.0,-140.0,-140.0,-140,-140,-140,-140,-140.0,-140,-140,-140,-140,-140,-140,-140,-140,-140,-140.0,-140,-140,-140,-140,-140,-140,-140,-140,-140.0,-140.0,-140,-140.0,-140,-140,-140.0,-140,-140,-72.0,-140,-140,-140.0,-140,-140,-140,-140,-140.0,-140,-140,-140.0,-140.0,-140.0,-140.0,-140.0,-140.0,-140,-140.0,-140.0,-140.0,-140.0,-140.0,-140.0,-140.0,-140.0,-140.0,-140.0,-140,-140,-140.0,-140,-140,-140,-140,-140.0,-140,-140.0,-140,-140,-140,-140,-140,-140,-140,-140,-140,-140,-140,-140,-140,-140,-140,-140,-140,-140,-140,-140,-140,-140.0,-140,-140,-140,-140,-140,-140,-140.0,-140,-140,-140,-140,-140,-140,-140,-140,-140.0,-140,-140,-140,-140,-140,-140,-140,-140,-140,-90.0,-140,-140.0,-140,-140.0,-140,-140,-140,-140,-140,-140,-140,-140,-140,-140,-140,-140,-140,-140,-140,-140,-140,-140,-140
59.4803,-85.0,-140.0,-140.0,-140,-140,-140,-140,-140,-140.0,-140,-140,-140.0,-140,-140,-140.0,-140,-140,-140,-140,-140,-140,-140,-140.0,-140.0,-140,-140,-140,-140,-140,-140,-140,-140,-140,-140,-140,-140,-140.0,-140.0,-140.0,-140,-140,-140,-140,-140,-140,-140.0,-140,-140,-140,-140,-140,-140.0,-140,-140,-140.0,-140,-140,-140.0,-140.0,-140.0,-140.0,-140,-140.0,-140.0,-79.0,-140,-140,-140,-140,-140,-140,-140,-140,-140,-140,-140,-140,-140,-140,-140,-140,-140,-140,-140,-140,-140,-140,-140,-140,-140.0,-140.0,-140,-140.0,-140.0,-140.0,-140.0,-140,-140,-140,-140,-140.0,-140,-140,-140,-140,-140,-140,-140,-140,-140,-140.0,-140,-140,-140,-140,-140,-140,-140,-140,-140.0,-140.0,-140,-140.0,-140,-140,-140.0,-140,-140,-72.0,-140,-140,-140.0,-140,-140,-140,-140,-140.0,-140,-140,-140.0,-140.0,-140.0,-140.0,-140.0,-140.0,-140,-140.0,-140.0,-140.0,-140.0,-140.0,-140.0,-140.0,-140.0,-140.0,-140.0,-140,-140,-140.0,-140,-140,-140,-140,-140.0,-140,-140.0,-140,-140,-140,-140,-140,-140,-140,-140,-140,-140,-140,-140,-140,-140,-140,-140,-140,-140,-140,-140,-140,-140.0,-140,-140,-140,-140,-140,-140,-140.0,-140,-140,-140,-140,-140,-140,-140,-140,-140.0,-140,-140,-140,-140,-140,-140,-140,-140,-140,-92.0,-140,-140.0,-140,-140.0,-140,-140,-140,-140,-140,-140,-140,-140,-140,-140,-140,-140,-140,-140,-140,-140,-140,-140,-140
61.4706,-83.0,-140.0,-140.0,-140,-140,-140,-140,-140,-140.0,-140,-140,-140.0,-140,-140,-140.0,-140,-140,-140,-140,-140,-140,-140,-140.0,-140.0,-140,-140,-140,-140,-140,-140,-140,-140,-140,-140,-140,-140,-140.0,-140.0,-140.0,-140,-140,-140,-140,-140,-140,-140.0,-140,-140,-140,-140,-140,-140.0,-140,-140,-140.0,-140,-140,-140.0,-140.0,-140.0,-140.0,-140,-140.0,-140.0,-80.0,-140,-140,-140,-140,-140,-140,-140,-140,-140,-140,-140,-140,-140,-140,-140,-140,-140,-140,-140,-140,-140,-140,-140,-140,-140.0,-140.0,-140,-140.0,-140.0,-140.0,-140.0,-140,-140,-140,-140,-140.0,-140,-140,-140,-140,-140,-140,-140,-140,-140,-140.0,-140,-140,-140,-140,-140,-140,-140,-140,-140.0,-140.0,-140,-140.0,-140,-140,-140.0,-140,-140,-76.0,-140,-140,-140.0,-140,-140,-140,-140,-140.0,-140,-140,-140.0,-140.0,-140.0,-140.0,-140.0,-140.0,-140,-140.0,-140.0,-140.0,-140.0,-140.0,-95.0,-140.0,-140.0,-140.0,-140.0,-140,-140,-140.0,-140,-140,-140,-140,-140.0,-140,-140.0,-140,-140,-140,-140,-140,-140,-140,-140,-140,-140,-140,-140,-140,-140,-140,-140,-140,-140,-140,-140,-140,-140.0,-140,-140,-140,-140,-140,-140,-140.0,-140,-140,-140,-140,-140,-140,-140,-140,-140.0,-140,-140,-140,-140,-140,-140,-140,-140,-140,-89.0,-140,-140.0,-140,-140.0,-140,-140,-140,-140,-140,-140,-140,-140,-140,-140,-140,-140,-140,-140,-140,-140,-140,-140,-140
63.5017,-89.0,-140.0,-140.0,-140,-140,-140,-140,-140,-140.0,-140,-140,-140.0,-140,-140,-140.0,-140,-140,-140,-140,-140,-140,-140,-140.0,-140.0,-140,-140,-140,-140,-140,-140,-140,-140,-140,-140,-140,-140,-140.0,-140.0,-140.0,-140,-140,-140,-140,-140,-140,-140.0,-140,-140,-140,-140,-140,-140.0,-140,-140,-140.0,-140,-140,-140.0,-140.0,-140.0,-140.0,-140,-140.0,-140.0,-81.0,-140,-140,-140,-140,-140,-140,-140,-140,-140,-140,-140,-140,-140,-140,-140,-140,-140,-140,-140,-140,-140,-140,-140,-140,-140.0,-140.0,-140,-140.0,-140.0,-140.0,-140.0,-140,-140,-140,-140,-140.0,-140,-140,-140,-140,-140,-140,-140,-140,-140,-140.0,-140,-140,-140,-140,-140,-140,-140,-140,-140.0,-140.0,-140,-140.0,-140,-140,-140.0,-140,-140,-69.0,-140,-140,-140.0,-140,-140,-140,-140,-140.0,-140,-140,-140.0,-140.0,-140.0,-140.0,-140.0,-140.0,-140,-140.0,-140.0,-140.0,-140.0,-140.0,-140.0,-140.0,-140.0,-140.0,-140.0,-140,-140,-140.0,-140,-140,-140,-140,-140.0,-140,-140.0,-140,-140,-140,-140,-140,-140,-140,-140,-140,-140,-140,-140,-140,-140,-140,-140,-140,-140,-140,-140,-140,-140.0,-140,-140,-140,-140,-140,-140,-140.0,-140,-140,-140,-140,-140,-140,-140,-140,-140.0,-140,-140,-140,-140,-140,-140,-140,-140,-140,-140.0,-140,-140.0,-140,-140.0,-140,-140,-140,-140,-140,-140,-140,-140,-140,-140,-140,-140,-140,-140,-140,-140,-140,-140,-140
65.4645,-86.0,-140.0,-140.0,-140,-140,-140,-140,-140,-86.0,-140,-140,-140.0,-140,-140,-140.0,-140,-140,-140,-140,-140,-140,-140,-140.0,-140.0,-140,-140,-140,-140,-140,-140,-140,-140,-140,-140,-140,-140,-140.0,-140.0,-140.0,-140,-140,-140,-140,-140,-140,-140.0,-140,-140,-140,-140,-140,-140.0,-140,-140,-140.0,-140,-140,-140.0,-140.0,-140.0,-140.0,-140,-140.0,-140.0,-80.0,-140,-140,-140,-140,-140,-140,-140,-140,-140,-140,-140,-140,-140,-140,-140,-140,-140,-140,-140,-140,-140,-140,-140,-140,-140.0,-140.0,-140,-140.0,-140.0,-140.0,-140.0,-140,-140,-140,-140,-140.0,-140,-140,-140,-140,-140,-140,-140,-140,-140,-140.0,-140,-140,-140,-140,-140,-140,-140,-140,-140.0,-140.0,-140,-140.0,-140,-140,-140.0,-140,-140,-70.0,-140,-140,-140.0,-140,-140,-140,-140,-140.0,-140,-140,-140.0,-140.0,-140.0,-140.0,-140.0,-140.0,-140,-140.0,-140.0,-140.0,-140.0,-140.0,-89.0,-140.0,-140.0,-89.0,-90.0,-140,-140,-140.0,-140,-140,-140,-140,-140.0,-140,-140.0,-140,-140,-140,-140,-140,-140,-140,-140,-140,-140,-140,-140,-140,-140,-140,-140,-140,-140,-140,-140,-140,-140.0,-140,-140,-140,-140,-140,-140,-140.0,-140,-140,-140,-140,-140,-140,-140,-140,-140.0,-140,-140,-140,-140,-140,-140,-140,-140,-140,-140.0,-140,-140.0,-140,-140.0,-140,-140,-140,-140,-140,-140,-140,-140,-140,-140,-140,-140,-140,-140,-140,-140,-140,-140,-140
67.4855,-82.0,-140.0,-140.0,-140,-140,-140,-140,-140,-88.0,-140,-140,-140.0,-140,-140,-89.0,-140,-140,-140,-140,-140,-140,-140,-140.0,-140.0,-140,-140,-140,-140,-140,-140,-140,-140,-140,-140,-140,-140,-140.0,-96.0,-140.0,-140,-140,-140,-140,-140,-140,-140.0,-140,-140,-140,-140,-140,-140.0,-140,-140,-140.0,-140,-140,-140.0,-140.0,-140.0,-140.0,-140,-140.0,-140.0,-84.0,-140,-140,-140,-140,-140,-140,-140,-140,-140,-140,-140,-140,-140,-140,-140,-140,-140,-140,-140,-140,-140,-140,-140,-140,-140.0,-140.0,-140,-140.0,-140.0,-140.0,-140.0,-140,-140,-140,-140,-140.0,-140,-140,-140,-140,-140,-140,-140,-140,-140,-140.0,-140,-140,-140,-140,-140,-140,-140,-140,-140.0,-140.0,-140,-140.0,-140,-140,-140.0,-140,-140,-70.0,-140,-140,-140.0,-140,-140,-140,-140,-140.0,-140,-140,-140.0,-140.0,-140.0,-140.0,-140.0,-140.0,-140,-140.0,-140.0,-140.0,-140.0,-140.0,-140.0,-140.0,-140.0,-140.0,-140.0,-140,-140,-140.0,-140,-140,-140,-140,-140.0,-140,-140.0,-140,-140,-140,-140,-140,-140,-140,-140,-140,-140,-140,-140,-140,-140,-140,-140,-140,-140,-140,-140,-140,-140.0,-140,-140,-140,-140,-140,-140,-140.0,-140,-140,-140,-140,-140,-140,-140,-140,-140.0,-140,-140,-140,-140,-140,-140,-140,-140,-140,-78.0,-140,-140.0,-140,-140.0,-140,-140,-140,-140,-140,-140,-140,-140,-140,-140,-140,-140,-140,-140,-140,-140,-140,-140,-140
69.5023,-82.0,-140.0,-140.0,-140,-140,-140,-140,-140,-87.0,-140,-140,-140.0,-140,-140,-140.0,-140,-140,-140,-140,-140,-140,-140,-140.0,-140.0,-140,-140,-140,-140,-140,-140,-140,-140,-140,-140,-140,-140,-140.0,-140.0,-140.0,-140,-140,-140,-140,-140,-140,-140.0,-140,-140,-140,-140,-140,-140.0,-140,-140,-140.0,-140,-140,-87.0,-140.0,-140.0,-90.0,-140,-95.0,-140.0,-74.0,-140,-140,-140,-140,-140,-140,-140,-140,-140,-140,-140,-140,-140,-140,-140,-140,-140,-140,-140,-140,-140,-140,-140,-140,-140.0,-140.0,-140,-140.0,-140.0,-140.0,-140.0,-140,-140,-140,-140,-140.0,-140,-140,-140,-140,-140,-140,-140,-140,-140,-140.0,-140,-140,-140,-140,-140,-140,-140,-140,-140.0,-140.0,-140,-140.0,-140,-140,-140.0,-140,-140,-74.0,-140,-140,-140.0,-140,-140,-140,-140,-140.0,-140,-140,-140.0,-140.0,-140.0,-140.0,-140.0,-140.0,-140,-140.0,-140.0,-140.0,-140.0,-140.0,-140.0,-140.0,-140.0,-140.0,-140.0,-140,-140,-140.0,-140,-140,-140,-140,-140.0,-140,-140.0,-140,-140,-140,-140,-140,-140,-140,-140,-140,-140,-140,-140,-140,-140,-140,-140,-140,-140,-140,-140,-140,-140.0,-140,-140,-140,-140,-140,-140,-140.0,-140,-140,-140,-140,-140,-140,-140,-140,-140.0,-140,-140,-140,-140,-140,-140,-140,-140,-140,-140.0,-140,-140.0,-140,-140.0,-140,-140,-140,-140,-140,-140,-140,-140,-140,-140,-140,-140,-140,-140,-140,-140,-140,-140,-140
71.527,-85.0,-140.0,-140.0,-140,-140,-140,-140,-140,-89.0,-140,-140,-140.0,-140,-140,-140.0,-140,-140,-140,-140,-140,-140,-140,-140.0,-140.0,-140,-140,-140,-140,-140,-140,-140,-140,-140,-140,-140,-140,-140.0,-140.0,-140.0,-140,-140,-140,-140,-140,-140,-92.0,-140,-140,-140,-140,-140,-140.0,-140,-140,-140.0,-140,-140,-93.0,-92.0,-140.0,-140.0,-140,-140.0,-91.0,-78.0,-140,-140,-140,-140,-140,-140,-140,-140,-140,-140,-140,-140,-140,-140,-140,-140,-140,-140,-140,-140,-140,-140,-140,-140,-140.0,-140.0,-140,-140.0,-140.0,-140.0,-140.0,-140,-140,-140,-140,-140.0,-140,-140,-140,-140,-140,-140,-140,-140,-140,-140.0,-140,-140,-140,-140,-140,-140,-140,-140,-140.0,-140.0,-140,-140.0,-140,-140,-140.0,-140,-140,-73.0,-140,-140,-140.0,-140,-140,-140,-140,-140.0,-140,-140,-140.0,-140.0,-140.0,-140.0,-140.0,-140.0,-140,-140.0,-140.0,-140.0,-140.0,-93.0,-140.0,-140.0,-96.0,-140.0,-140.0,-140,-140,-140.0,-140,-140,-140,-140,-140.0,-140,-140.0,-140,-140,-140,-140,-140,-140,-140,-140,-140,-140,-140,-140,-140,-140,-140,-140,-140,-140,-140,-140,-140,-140.0,-140,-140,-140,-140,-140,-140,-140.0,-140,-140,-140,-140,-140,-140,-140,-140,-140.0,-140,-140,-140,-140,-140,-140,-140,-140,-140,-85.0,-140,-140.0,-140,-140.0,-140,-140,-140,-140,-140,-140,-140,-140,-140,-140,-140,-140,-140,-140,-140,-140,-140,-140,-140
73.4893,-80.0,-140.0,-140.0,-140,-140,-140,-140,-140,-87.0,-140,-140,-140.0,-140,-140,-92.0,-140,-140,-140,-140,-140,-140,-140,-140.0,-140.0,-140,-140,-140,-140,-140,-140,-140,-140,-140,-140,-140,-140,-140.0,-140.0,-140.0,-140,-140,-140,-140,-140,-140,-140.0,-140,-140,-140,-140,-140,-140.0,-140,-140,-140.0,-140,-140,-140.0,-140.0,-140.0,-91.0,-140,-93.0,-140.0,-82.0,-140,-140,-140,-140,-140,-140,-140,-140,-140,-140,-140,-140,-140,-140,-140,-140,-140,-140,-140,-140,-140,-140,-140,-140,-140.0,-140.0,-140,-140.0,-140.0,-140.0,-140.0,-140,-140,-140,-140,-140.0,-140,-140,-140,-140,-140,-140,-140,-140,-140,-140.0,-140,-140,-140,-140,-140,-140,-140,-140,-140.0,-140.0,-140,-140.0,-140,-140,-140.0,-140,-140,-82.0,-140,-140,-140.0,-140,-140,-140,-140,-140.0,-140,-140,-140.0,-140.0,-140.0,-140.0,-140.0,-140.0,-140,-140.0,-140.0,-140.0,-140.0,-140.0,-140.0,-140.0,-140.0,-140.0,-140.0,-140,-140,-140.0,-140,-140,-140,-140,-140.0,-140,-140.0,-140,-140,-140,-140,-140,-140,-140,-140,-140,-140,-140,-140,-140,-140,-140,-140,-140,-140,-140,-140,-140,-140.0,-140,-140,-140,-140,-140,-140,-140.0,-140,-140,-140,-140,-140,-140,-140,-140,-140.0,-140,-140,-140,-140,-140,-140,-140,-140,-140,-77.0,-140,-140.0,-140,-140.0,-140,-140,-140,-140,-140,-140,-140,-140,-140,-140,-140,-140,-140,-140,-140,-140,-140,-140,-140
75.5011,-82.0,-140.0,-140.0,-140,-140,-140,-140,-140,-140.0,-140,-140,-140.0,-140,-140,-84.0,-140,-140,-140,-140,-140,-140,-140,-140.0,-140.0,-140,-140,-140,-140,-140,-140,-140,-140,-140,-140,-140,-140,-90.0,-92.0,-140.0,-140,-140,-140,-140,-140,-140,-83.0,-140,-140,-140,-140,-140,-140.0,-140,-140,-140.0,-140,-140,-91.0,-92.0,-140.0,-140.0,-140,-90.0,-140.0,-81.0,-140,-140,-140,-140,-140,-140,-140,-140,-140,-140,-140,-140,-140,-140,-140,-140,-140,-140,-140,-140,-140,-140,-140,-140,-140.0,-140.0,-140,-140.0,-140.0,-140.0,-140.0,-140,-140,-140,-140,-140.0,-140,-140,-140,-140,-140,-140,-140,-140,-140,-140.0,-140,-140,-140,-140,-140,-140,-140,-140,-140.0,-140.0,-140,-140.0,-140,-140,-140.0,-140,-140,-87.0,-140,-140,-140.0,-140,-140,-140,-140,-140.0,-140,-140,-84.0,-140.0,-140.0,-140.0,-86.0,-140.0,-140,-94.0,-140.0,-140.0,-140.0,-140.0,-140.0,-140.0,-140.0,-140.0,-140.0,-140,-140,-140.0,-140,-140,-140,-140,-140.0,-140,-140.0,-140,-140,-140,-140,-140,-140,-140,-140,-140,-140,-140,-140,-140,-140,-140,-140,-140,-140,-140,-140,-140,-140.0,-140,-140,-140,-140,-140,-140,-140.0,-140,-140,-140,-140,-140,-140,-140,-140,-140.0,-140,-140,-140,-140,-140,-140,-140,-140,-140,-68.0,-140,-140.0,-140,-140.0,-140,-140,-140,-140,-140,-140,-140,-140,-140,-140,-140,-140,-140,-140,-140,-140,-140,-140,-140
77.5922,-84.0,-140.0,-140.0,-140,-140,-140,-140,-140,-82.0,-140,-140,-140.0,-140,-140,-85.0,-140,-140,-140,-140,-140,-140,-140,-140.0,-140.0,-140,-140,-140,-140,-140,-140,-140,-140,-140,-140,-140,-140,-140.0,-92.0,-140.0,-140,-140,-140,-140,-140,-140,-140.0,-140,-140,-140,-140,-140,-88.0,-140,-140,-140.0,-140,-140,-140.0,-88.0,-89.0,-86.0,-140,-91.0,-140.0,-79.0,-140,-140,-140,-140,-140,-140,-140,-140,-140,-140,-140,-140,-140,-140,-140,-140,-140,-140,-140,-140,-140,-140,-140,-140,-92.0,-140.0,-140,-140.0,-140.0,-90.0,-140.0,-140,-140,-140,-140,-140.0,-140,-140,-140,-140,-140,-140,-140,-140,-140,-140.0,-140,-140,-140,-140,-140,-140,-140,-140,-140.0,-140.0,-140,-140.0,-140,-140,-140.0,-140,-140,-140.0,-140,-140,-140.0,-140,-140,-140,-140,-140.0,-140,-140,-140.0,-140.0,-140.0,-140.0,-140.0,-140.0,-140,-89.0,-140.0,-140.0,-91.0,-140.0,-140.0,-140.0,-140.0,-140.0,-140.0,-140,-140,-140.0,-140,-140,-140,-140,-140.0,-140,-140.0,-140,-140,-140,-140,-140,-140,-140,-140,-140,-140,-140,-140,-140,-140,-140,-140,-140,-140,-140,-140,-140,-89.0,-140,-140,-140,-140,-140,-140,-140.0,-140,-140,-140,-140,-140,-140,-140,-140,-140.0,-140,-140,-140,-140,-140,-140,-140,-140,-140,-73.0,-140,-93.0,-140,-140.0,-140,-140,-140,-140,-140,-140,-140,-140,-140,-140,-140,-140,-140,-140,-140,-140,-140,-140,-140
79.4972,-79.0,-140.0,-140.0,-140,-140,-140,-140,-140,-82.0,-140,-140,-140.0,-140,-140,-80.0,-140,-140,-140,-140,-140,-140,-140,-140.0,-93.0,-140,-140,-140,-140,-140,-140,-140,-140,-140,-140,-140,-140,-90.0,-140.0,-140.0,-140,-140,-140,-140,-140,-140,-86.0,-140,-140,-140,-140,-140,-90.0,-140,-140,-140.0,-140,-140,-88.0,-91.0,-91.0,-140.0,-140,-93.0,-140.0,-90.0,-140,-140,-140,-140,-140,-140,-140,-140,-140,-140,-140,-140,-140,-140,-140,-140,-140,-140,-140,-140,-140,-140,-140,-140,-140.0,-140.0,-140,-140.0,-140.0,-140.0,-140.0,-140,-140,-140,-140,-140.0,-140,-140,-140,-140,-140,-140,-140,-140,-140,-140.0,-140,-140,-140,-140,-140,-140,-140,-140,-140.0,-140.0,-140,-140.0,-140,-140,-140.0,-140,-140,-140.0,-140,-140,-140.0,-140,-140,-140,-140,-92.0,-140,-140,-89.0,-140.0,-140.0,-140.0,-92.0,-87.0,-140,-92.0,-140.0,-140.0,-140.0,-140.0,-140.0,-140.0,-140.0,-140.0,-140.0,-140,-140,-91.0,-140,-140,-140,-140,-140.0,-140,-140.0,-140,-140,-140,-140,-140,-140,-140,-140,-140,-140,-140,-140,-140,-140,-140,-140,-140,-140,-140,-140,-140,-88.0,-140,-140,-140,-140,-140,-140,-140.0,-140,-140,-140,-140,-140,-140,-140,-140,-140.0,-140,-140,-140,-140,-140,-140,-140,-140,-140,-76.0,-140,-89.0,-140,-140.0,-140,-140,-140,-140,-140,-140,-140,-140,-140,-140,-140,-140,-140,-140,-140,-140,-140,-140,-140
81.7636,-74.0,-140.0,-140.0,-140,-140,-140,-140,-140,-81.0,-140,-140,-140.0,-140,-140,-81.0,-140,-140,-140,-140,-140,-140,-140,-140.0,-140.0,-140,-140,-140,-140,-140,-140,-140,-140,-140,-140,-140,-140,-140.0,-90.0,-140.0,-140,-140,-140,-140,-140,-140,-86.0,-140,-140,-140,-140,-140,-89.0,-140,-140,-140.0,-140,-140,-140.0,-88.0,-89.0,-80.0,-140,-89.0,-140.0,-89.0,-140,-140,-140,-140,-140,-140,-140,-140,-140,-140,-140,-140,-140,-140,-140,-140,-140,-140,-140,-140,-140,-140,-140,-140,-140.0,-140.0,-140,-140.0,-140.0,-140.0,-140.0,-140,-140,-140,-140,-140.0,-140,-140,-140,-140,-140,-140,-140,-140,-140,-140.0,-140,-140,-140,-140,-140,-140,-140,-140,-140.0,-140.0,-140,-140.0,-140,-140,-140.0,-140,-140,-140.0,-140,-140,-140.0,-140,-140,-140,-140,-140.0,-140,-140,-88.0,-140.0,-140.0,-140.0,-140.0,-140.0,-140,-140.0,-140.0,-140.0,-90.0,-140.0,-140.0,-140.0,-140.0,-140.0,-140.0,-140,-140,-140.0,-140,-140,-140,-140,-140.0,-140,-140.0,-140,-140,-140,-140,-140,-140,-140,-140,-140,-140,-140,-140,-140,-140,-140,-140,-140,-140,-140,-140,-140,-140.0,-140,-140,-140,-140,-140,-140,-140.0,-140,-140,-140,-140,-140,-140,-140,-140,-140.0,-140,-140,-140,-140,-140,-140,-140,-140,-140,-72.0,-140,-91.0,-140,-140.0,-140,-140,-140,-140,-140,-140,-140,-140,-140,-140,-140,-140,-140,-140,-140,-140,-140,-140,-140
85.5528,-75.0,-140.0,-140.0,-140,-140,-140,-140,-140,-82.0,-140,-140,-140.0,-140,-140,-79.0,-140,-140,-140,-140,-140,-140,-140,-140.0,-140.0,-140,-140,-140,-140,-140,-140,-140,-140,-140,-140,-140,-140,-82.0,-140.0,-140.0,-140,-140,-140,-140,-140,-140,-76.0,-140,-140,-140,-140,-140,-89.0,-140,-140,-140.0,-140,-140,-88.0,-89.0,-90.0,-83.0,-140,-84.0,-140.0,-88.0,-140,-140,-140,-140,-140,-140,-140,-140,-140,-140,-140,-140,-140,-140,-140,-140,-140,-140,-140,-140,-140,-140,-140,-140,-140.0,-140.0,-140,-85.0,-140.0,-140.0,-140.0,-140,-140,-140,-140,-140.0,-140,-140,-140,-140,-140,-140,-140,-140,-140,-140.0,-140,-140,-140,-140,-140,-140,-140,-140,-140.0,-140.0,-140,-140.0,-140,-140,-140.0,-140,-140,-92.0,-140,-140,-140.0,-140,-140,-140,-140,-89.0,-140,-140,-89.0,-140.0,-140.0,-94.0,-84.0,-83.0,-140,-140.0,-140.0,-140.0,-140.0,-140.0,-140.0,-140.0,-140.0,-140.0,-140.0,-140,-140,-140.0,-140,-140,-140,-140,-140.0,-140,-140.0,-140,-140,-140,-140,-140,-140,-140,-140,-140,-140,-140,-140,-140,-140,-140,-140,-140,-140,-140,-140,-140,-89.0,-140,-140,-140,-140,-140,-140,-140.0,-140,-140,-140,-140,-140,-140,-140,-140,-140.0,-140,-140,-140,-140,-140,-140,-140,-140,-140,-66.0,-140,-140.0,-140,-140.0,-140,-140,-140,-140,-140,-140,-140,-140,-140,-140,-140,-140,-140,-140,-140,-140,-140,-140,-140
87.6274,-75.0,-140.0,-140.0,-140,-140,-140,-140,-140,-86.0,-140,-140,-140.0,-140,-140,-77.0,-140,-140,-140,-140,-140,-140,-140,-140.0,-140.0,-140,-140,-140,-140,-140,-140,-140,-140,-140,-140,-140,-140,-84.0,-88.0,-87.0,-140,-140,-140,-140,-140,-140,-140.0,-140,-140,-140,-140,-140,-88.0,-140,-140,-140.0,-140,-140,-82.0,-140.0,-88.0,-83.0,-140,-85.0,-140.0,-89.0,-140,-140,-140,-140,-140,-140,-140,-140,-140,-140,-140,-140,-140,-140,-140,-140,-140,-140,-140,-140,-140,-140,-140,-140,-88.0,-140.0,-140,-140.0,-89.0,-90.0,-140.0,-140,-140,-140,-140,-90.0,-140,-140,-140,-140,-140,-140,-140,-140,-140,-140.0,-140,-140,-140,-140,-140,-140,-140,-140,-140.0,-140.0,-140,-140.0,-140,-140,-95.0,-140,-140,-140.0,-140,-140,-140.0,-140,-140,-140,-140,-84.0,-140,-140,-140.0,-140.0,-140.0,-93.0,-140.0,-140.0,-140,-140.0,-140.0,-140.0,-87.0,-140.0,-140.0,-140.0,-140.0,-140.0,-140.0,-140,-140,-140.0,-140,-140,-140,-140,-140.0,-140,-140.0,-140,-140,-140,-140,-140,-140,-140,-140,-140,-140,-140,-140,-140,-140,-140,-140,-140,-140,-140,-140,-140,-140.0,-140,-140,-140,-140,-140,-140,-140.0,-140,-140,-140,-140,-140,-140,-140,-140,-140.0,-140,-140,-140,-140,-140,-140,-140,-140,-140,-62.0,-140,-140.0,-140,-140.0,-140,-140,-140,-140,-140,-140,-140,-140,-140,-140,-140,-140,-140,-140,-140,-140,-140,-140,-140
89.5602,-140.0,-140.0,-140.0,-140,-140,-140,-140,-140,-78.0,-140,-140,-94.0,-140,-140,-82.0,-140,-140,-140,-140,-140,-140,-140,-140.0,-140.0,-140,-140,-140,-140,-140,-140,-140,-140,-140,-140,-140,-140,-81.0,-89.0,-140.0,-140,-140,-140,-140,-140,-140,-83.0,-140,-140,-140,-140,-140,-92.0,-140,-140,-140.0,-140,-140,-86.0,-89.0,-140.0,-82.0,-140,-140.0,-140.0,-82.0,-140,-140,-140,-140,-140,-140,-140,-140,-140,-140,-140,-140,-140,-140,-140,-140,-140,-140,-140,-140,-140,-140,-140,-140,-140.0,-140.0,-140,-140.0,-140.0,-140.0,-140.0,-140,-140,-140,-140,-140.0,-140,-140,-140,-140,-140,-140,-140,-140,-140,-140.0,-140,-140,-140,-140,-140,-140,-140,-140,-140.0,-140.0,-140,-140.0,-140,-140,-140.0,-140,-140,-140.0,-140,-140,-140.0,-140,-140,-140,-140,-92.0,-140,-140,-140.0,-140.0,-140.0,-140.0,-140.0,-140.0,-140,-140.0,-140.0,-140.0,-140.0,-140.0,-140.0,-140.0,-140.0,-140.0,-140.0,-140,-140,-140.0,-140,-140,-140,-140,-140.0,-140,-140.0,-140,-140,-140,-140,-140,-140,-140,-140,-140,-140,-140,-140,-140,-140,-140,-140,-140,-140,-140,-140,-140,-140.0,-140,-140,-140,-140,-140,-140,-140.0,-140,-140,-140,-140,-140,-140,-140,-140,-140.0,-140,-140,-140,-140,-140,-140,-140,-140,-140,-63.0,-140,-140.0,-140,-140.0,-140,-140,-140,-140,-140,-140,-140,-140,-140,-140,-140,-140,-140,-140,-140,-140,-140,-140,-140
91.4973,-77.0,-140.0,-140.0,-140,-140,-140,-140,-140,-76.0,-140,-140,-140.0,-140,-140,-79.0,-140,-140,-140,-140,-140,-140,-140,-140.0,-140.0,-140,-140,-140,-140,-140,-140,-140,-140,-140,-140,-140,-140,-82.0,-85.0,-140.0,-140,-140,-140,-140,-140,-140,-81.0,-140,-140,-140,-140,-140,-87.0,-140,-140,-91.0,-140,-140,-82.0,-80.0,-79.0,-82.0,-140,-86.0,-140.0,-88.0,-140,-140,-140,-140,-140,-140,-140,-140,-140,-140,-140,-140,-140,-140,-140,-140,-140,-140,-140,-140,-140,-140,-140,-140,-90.0,-90.0,-140,-140.0,-140.0,-140.0,-140.0,-140,-140,-140,-140,-89.0,-140,-140,-140,-140,-140,-140,-140,-140,-140,-140.0,-140,-140,-140,-140,-140,-140,-140,-140,-140.0,-140.0,-140,-140.0,-140,-140,-140.0,-140,-140,-140.0,-140,-140,-140.0,-140,-140,-140,-140,-88.0,-140,-140,-140.0,-140.0,-140.0,-140.0,-88.0,-140.0,-140,-140.0,-140.0,-140.0,-140.0,-140.0,-140.0,-140.0,-140.0,-140.0,-140.0,-140,-140,-140.0,-140,-140,-140,-140,-140.0,-140,-140.0,-140,-140,-140,-140,-140,-140,-140,-140,-140,-140,-140,-140,-140,-140,-140,-140,-140,-140,-140,-140,-140,-88.0,-140,-140,-140,-140,-140,-140,-140.0,-140,-140,-140,-140,-140,-140,-140,-140,-140.0,-140,-140,-140,-140,-140,-140,-140,-140,-140,-64.0,-140,-94.0,-140,-140.0,-140,-140,-140,-140,-140,-140,-140,-140,-140,-140,-140,-140,-140,-140,-140,-140,-140,-140,-140
93.448,-79.0,-140.0,-140.0,-140,-140,-140,-140,-140,-76.0,-140,-140,-140.0,-140,-140,-80.0,-140,-140,-140,-140,-140,-140,-140,-140.0,-140.0,-140,-140,-140,-140,-140,-140,-140,-140,-140,-140,-140,-140,-83.0,-84.0,-140.0,-140,-140,-140,-140,-140,-140,-78.0,-140,-140,-140,-140,-140,-140.0,-140,-140,-140.0,-140,-140,-81.0,-86.0,-83.0,-79.0,-140,-83.0,-140.0,-86.0,-140,-140,-140,-140,-140,-140,-140,-140,-140,-140,-140,-140,-140,-140,-140,-140,-140,-140,-140,-140,-140,-140,-140,-140,-140.0,-140.0,-140,-140.0,-140.0,-140.0,-90.0,-140,-140,-140,-140,-140.0,-140,-140,-140,-140,-140,-140,-140,-140,-140,-140.0,-140,-140,-140,-140,-140,-140,-140,-140,-140.0,-140.0,-140,-140.0,-140,-140,-140.0,-140,-140,-140.0,-140,-140,-140.0,-140,-140,-140,-140,-140.0,-140,-140,-84.0,-140.0,-92.0,-94.0,-89.0,-89.0,-140,-140.0,-140.0,-140.0,-140.0,-140.0,-140.0,-140.0,-140.0,-140.0,-140.0,-140,-140,-140.0,-140,-140,-140,-140,-92.0,-140,-95.0,-140,-140,-140,-140,-140,-140,-140,-140,-140,-140,-140,-140,-140,-140,-140,-140,-140,-140,-140,-140,-140,-140.0,-140,-140,-140,-140,-140,-140,-140.0,-140,-140,-140,-140,-140,-140,-140,-140,-140.0,-140,-140,-140,-140,-140,-140,-140,-140,-140,-54.0,-140,-140.0,-140,-140.0,-140,-140,-140,-140,-140,-140,-140,-140,-140,-140,-140,-140,-140,-140,-140,-140,-140,-140,-140
95.5184,-74.0,-140.0,-140.0,-140,-140,-140,-140,-140,-77.0,-140,-140,-140.0,-140,-140,-72.0,-140,-140,-140,-140,-140,-140,-140,-140.0,-140.0,-140,-140,-140,-140,-140,-140,-140,-140,-140,-140,-140,-140,-76.0,-80.0,-140.0,-140,-140,-140,-140,-140,-140,-77.0,-140,-140,-140,-140,-140,-85.0,-140,-140,-140.0,-140,-140,-81.0,-81.0,-80.0,-77.0,-140,-80.0,-140.0,-86.0,-140,-140,-140,-140,-140,-140,-140,-140,-140,-140,-140,-140,-140,-140,-140,-140,-140,-140,-140,-140,-140,-140,-140,-140,-84.0,-86.0,-140,-140.0,-83.0,-84.0,-84.0,-140,-140,-140,-140,-86.0,-140,-140,-140,-140,-140,-140,-140,-140,-140,-140.0,-140,-140,-140,-140,-140,-140,-140,-140,-140.0,-140.0,-140,-140.0,-140,-140,-140.0,-140,-140,-140.0,-140,-140,-140.0,-140,-140,-140,-140,-140.0,-140,-140,-140.0,-140.0,-140.0,-140.0,-140.0,-140.0,-140,-140.0,-140.0,-140.0,-140.0,-140.0,-140.0,-140.0,-140.0,-140.0,-140.0,-140,-140,-140.0,-140,-140,-140,-140,-140.0,-140,-140.0,-140,-140,-140,-140,-140,-140,-140,-140,-140,-140,-140,-140,-140,-140,-140,-140,-140,-140,-140,-140,-140,-140.0,-140,-140,-140,-140,-140,-140,-140.0,-140,-140,-140,-140,-140,-140,-140,-140,-140.0,-140,-140,-140,-140,-140,-140,-140,-140,-140,-52.0,-140,-140.0,-140,-140.0,-140,-140,-140,-140,-140,-140,-140,-140,-140,-140,-140,-140,-140,-140,-140,-140,-140,-140,-140
97.757,-77.0,-140.0,-140.0,-140,-140,-140,-140,-140,-78.0,-140,-140,-93.0,-140,-140,-140.0,-140,-140,-140,-140,-140,-140,-140,-140.0,-140.0,-140,-140,-140,-140,-140,-140,-140,-140,-140,-140,-140,-140,-78.0,-82.0,-90.0,-140,-140,-140,-140,-140,-140,-70.0,-140,-140,-140,-140,-140,-140.0,-140,-140,-140.0,-140,-140,-83.0,-84.0,-83.0,-140.0,-140,-77.0,-140.0,-88.0,-140,-140,-140,-140,-140,-140,-140,-140,-140,-140,-140,-140,-140,-140,-140,-140,-140,-140,-140,-140,-140,-140,-140,-140,-83.0,-84.0,-140,-140.0,-84.0,-84.0,-84.0,-140,-140,-140,-140,-84.0,-140,-140,-140,-140,-140,-140,-140,-140,-140,-140.0,-140,-140,-140,-140,-140,-140,-140,-140,-140.0,-140.0,-140,-94.0,-140,-140,-140.0,-140,-140,-140.0,-140,-140,-140.0,-140,-140,-140,-140,-89.0,-140,-140,-140.0,-140.0,-140.0,-140.0,-90.0,-140.0,-140,-140.0,-140.0,-140.0,-92.0,-140.0,-140.0,-140.0,-140.0,-140.0,-140.0,-140,-140,-140.0,-140,-140,-140,-140,-140.0,-140,-140.0,-140,-140,-140,-140,-140,-140,-140,-140,-140,-140,-140,-140,-140,-140,-140,-140,-140,-140,-140,-140,-140,-140.0,-140,-140,-140,-140,-140,-140,-140.0,-140,-140,-140,-140,-140,-140,-140,-140,-140.0,-140,-140,-140,-140,-140,-140,-140,-140,-140,-54.0,-140,-140.0,-140,-140.0,-140,-140,-140,-140,-140,-140,-140,-140,-140,-140,-140,-140,-140,-140,-140,-140,-140,-140,-140
101.5697,-76.0,-140.0,-140.0,-140,-140,-140,-140,-140,-81.0,-140,-140,-140.0,-140,-140,-67.0,-140,-140,-140,-140,-140,-140,-140,-140.0,-140.0,-140,-140,-140,-140,-140,-140,-140,-140,-140,-140,-140,-140,-74.0,-83.0,-140.0,-140,-140,-140,-140,-140,-140,-78.0,-140,-140,-140,-140,-140,-77.0,-140,-140,-140.0,-140,-140,-71.0,-76.0,-76.0,-74.0,-140,-77.0,-140.0,-140.0,-140,-140,-140,-140,-140,-140,-140,-140,-140,-140,-140,-140,-140,-140,-140,-140,-140,-140,-140,-140,-140,-140,-140,-140,-76.0,-80.0,-140,-140.0,-77.0,-76.0,-78.0,-140,-140,-140,-140,-77.0,-140,-140,-140,-140,-140,-140,-140,-140,-140,-140.0,-140,-140,-140,-140,-140,-140,-140,-140,-140.0,-140.0,-140,-140.0,-140,-140,-140.0,-140,-140,-140.0,-140,-140,-140.0,-140,-140,-140,-140,-140.0,-140,-140,-140.0,-140.0,-140.0,-140.0,-140.0,-140.0,-140,-140.0,-140.0,-140.0,-140.0,-140.0,-140.0,-140.0,-140.0,-140.0,-140.0,-140,-140,-140.0,-140,-140,-140,-140,-140.0,-140,-94.0,-140,-140,-140,-140,-140,-140,-140,-140,-140,-140,-140,-140,-140,-140,-140,-140,-140,-140,-140,-140,-140,-140.0,-140,-140,-140,-140,-140,-140,-140.0,-140,-140,-140,-140,-140,-140,-140,-140,-140.0,-140,-140,-140,-140,-140,-140,-140,-140,-140,-54.0,-140,-140.0,-140,-140.0,-140,-140,-140,-140,-140,-140,-140,-140,-140,-140,-140,-140,-140,-140,-140,-140,-140,-140,-140
103.4969,-74.0,-140.0,-140.0,-140,-140,-140,-140,-140,-79.0,-140,-140,-140.0,-140,-140,-63.0,-140,-140,-140,-140,-140,-140,-140,-140.0,-140.0,-140,-140,-140,-140,-140,-140,-140,-140,-140,-140,-140,-140,-80.0,-77.0,-140.0,-140,-140,-140,-140,-140,-140,-75.0,-140,-140,-140,-140,-140,-72.0,-140,-140,-81.0,-140,-140,-71.0,-77.0,-78.0,-79.0,-140,-85.0,-140.0,-90.0,-140,-140,-140,-140,-140,-140,-140,-140,-140,-140,-140,-140,-140,-140,-140,-140,-140,-140,-140,-140,-140,-140,-140,-140,-83.0,-81.0,-140,-140.0,-83.0,-83.0,-82.0,-140,-140,-140,-140,-81.0,-140,-140,-140,-140,-140,-140,-140,-140,-140,-89.0,-140,-140,-140,-140,-140,-140,-140,-140,-140.0,-140.0,-140,-140.0,-140,-140,-140.0,-140,-140,-140.0,-140,-140,-140.0,-140,-140,-140,-140,-91.0,-140,-140,-140.0,-87.0,-140.0,-140.0,-91.0,-140.0,-140,-140.0,-140.0,-140.0,-140.0,-140.0,-140.0,-140.0,-140.0,-140.0,-140.0,-140,-140,-140.0,-140,-140,-140,-140,-140.0,-140,-140.0,-140,-140,-140,-140,-140,-140,-140,-140,-140,-140,-140,-140,-140,-140,-140,-140,-140,-140,-140,-140,-140,-140.0,-140,-140,-140,-140,-140,-140,-140.0,-140,-140,-140,-140,-140,-140,-140,-140,-140.0,-140,-140,-140,-140,-140,-140,-140,-140,-140,-59.0,-140,-140.0,-140,-140.0,-140,-140,-140,-140,-140,-140,-140,-140,-140,-140,-140,-140,-140,-140,-140,-140,-140,-140,-140
105.7283,-73.0,-140.0,-140.0,-140,-140,-140,-140,-140,-82.0,-140,-140,-140.0,-140,-140,-61.0,-140,-140,-140,-140,-140,-140,-140,-140.0,-140.0,-140,-140,-140,-140,-140,-140,-140,-140,-140,-140,-140,-140,-77.0,-77.0,-140.0,-140,-140,-140,-140,-140,-140,-65.0,-140,-140,-140,-140,-140,-73.0,-140,-140,-140.0,-140,-140,-78.0,-71.0,-71.0,-77.0,-140,-75.0,-140.0,-140.0,-140,-140,-140,-140,-140,-140,-140,-140,-140,-140,-140,-140,-140,-140,-140,-140,-140,-140,-140,-140,-140,-140,-140,-140,-85.0,-87.0,-140,-140.0,-86.0,-84.0,-87.0,-140,-140,-140,-140,-140.0,-140,-140,-140,-140,-140,-140,-140,-140,-140,-140.0,-140,-140,-140,-140,-140,-140,-140,-140,-140.0,-140.0,-140,-88.0,-140,-140,-140.0,-140,-140,-140.0,-140,-140,-140.0,-140,-140,-140,-140,-140.0,-140,-140,-140.0,-140.0,-140.0,-140.0,-140.0,-140.0,-140,-140.0,-90.0,-140.0,-140.0,-140.0,-140.0,-140.0,-140.0,-140.0,-140.0,-140,-140,-140.0,-140,-140,-140,-140,-140.0,-140,-140.0,-140,-140,-140,-140,-140,-140,-140,-140,-140,-140,-140,-140,-140,-140,-140,-140,-140,-140,-140,-140,-140,-90.0,-140,-140,-140,-140,-140,-140,-140.0,-140,-140,-140,-140,-140,-140,-140,-140,-93.0,-140,-140,-140,-140,-140,-140,-140,-140,-140,-62.0,-140,-140.0,-140,-140.0,-140,-140,-140,-140,-140,-140,-140,-140,-140,-140,-140,-140,-140,-140,-140,-140,-140,-140,-140
109.5048,-75.0,-140.0,-140.0,-140,-140,-140,-140,-140,-81.0,-140,-140,-88.0,-140,-140,-62.0,-140,-140,-140,-140,-140,-140,-140,-140.0,-140.0,-140,-140,-140,-140,-140,-140,-140,-140,-140,-140,-140,-140,-71.0,-62.0,-140.0,-140,-140,-140,-140,-140,-140,-65.0,-140,-140,-140,-140,-140,-77.0,-140,-140,-89.0,-140,-140,-74.0,-63.0,-63.0,-72.0,-140,-69.0,-140.0,-92.0,-140,-140,-140,-140,-140,-140,-140,-140,-140,-140,-140,-140,-140,-140,-140,-140,-140,-140,-140,-140,-140,-140,-140,-140,-87.0,-140.0,-140,-140.0,-140.0,-85.0,-140.0,-140,-140,-140,-140,-89.0,-140,-140,-140,-140,-140,-140,-140,-140,-140,-140.0,-140,-140,-140,-140,-140,-140,-140,-140,-140.0,-140.0,-140,-140.0,-140,-140,-140.0,-140,-140,-140.0,-140,-140,-140.0,-140,-140,-140,-140,-140.0,-140,-140,-140.0,-140.0,-140.0,-140.0,-140.0,-140.0,-140,-140.0,-140.0,-140.0,-140.0,-140.0,-140.0,-140.0,-140.0,-140.0,-140.0,-140,-140,-140.0,-140,-140,-140,-140,-140.0,-140,-140.0,-140,-140,-140,-140,-140,-140,-140,-140,-140,-140,-140,-140,-140,-140,-140,-140,-140,-140,-140,-140,-140,-140.0,-140,-140,-140,-140,-140,-140,-140.0,-140,-140,-140,-140,-140,-140,-140,-140,-140.0,-140,-140,-140,-140,-140,-140,-140,-140,-140,-67.0,-140,-140.0,-140,-140.0,-140,-140,-140,-140,-140,-140,-140,-140,-140,-140,-140,-140,-140,-140,-140,-140,-140,-140,-140
111.4533,-69.0,-140.0,-140.0,-140,-140,-140,-140,-140,-78.0,-140,-140,-92.0,-140,-140,-57.0,-140,-140,-140,-140,-140,-140,-140,-140.0,-140.0,-140,-140,-140,-140,-140,-140,-140,-140,-140,-140,-140,-140,-73.0,-65.0,-140.0,-140,-140,-140,-140,-140,-140,-63.0,-140,-140,-140,-140,-140,-75.0,-140,-140,-87.0,-140,-140,-76.0,-61.0,-61.0,-82.0,-140,-69.0,-140.0,-140.0,-140,-140,-140,-140,-140,-140,-140,-140,-140,-140,-140,-140,-140,-140,-140,-140,-140,-140,-140,-140,-140,-140,-140,-140,-90.0,-90.0,-140,-140.0,-89.0,-140.0,-91.0,-140,-140,-140,-140,-140.0,-140,-140,-140,-140,-140,-140,-140,-140,-140,-140.0,-140,-140,-140,-140,-140,-140,-140,-140,-140.0,-140.0,-140,-140.0,-140,-140,-140.0,-140,-140,-140.0,-140,-140,-92.0,-140,-140,-140,-140,-140.0,-140,-140,-140.0,-85.0,-140.0,-140.0,-140.0,-140.0,-140,-140.0,-140.0,-140.0,-140.0,-140.0,-140.0,-140.0,-140.0,-140.0,-140.0,-140,-140,-140.0,-140,-140,-140,-140,-140.0,-140,-140.0,-140,-140,-140,-140,-140,-140,-140,-140,-140,-140,-140,-140,-140,-140,-140,-140,-140,-140,-140,-140,-140,-140.0,-140,-140,-140,-140,-140,-140,-140.0,-140,-140,-140,-140,-140,-140,-140,-140,-140.0,-140,-140,-140,-140,-140,-140,-140,-140,-140,-67.0,-140,-140.0,-140,-140.0,-140,-140,-140,-140,-140,-140,-140,-140,-140,-140,-140,-140,-140,-140,-140,-140,-140,-140,-140
113.6033,-71.0,-140.0,-140.0,-140,-140,-140,-140,-140,-140.0,-140,-140,-86.0,-140,-140,-57.0,-140,-140,-140,-140,-140,-140,-140,-94.0,-91.0,-140,-140,-140,-140,-140,-140,-140,-140,-140,-140,-140,-140,-62.0,-78.0,-140.0,-140,-140,-140,-140,-140,-140,-61.0,-140,-140,-140,-140,-140,-74.0,-140,-140,-83.0,-140,-140,-80.0,-64.0,-64.0,-62.0,-140,-71.0,-140.0,-140.0,-140,-140,-140,-140,-140,-140,-140,-140,-140,-140,-140,-140,-140,-140,-140,-140,-140,-140,-140,-140,-140,-140,-140,-140,-85.0,-84.0,-140,-140.0,-84.0,-85.0,-85.0,-140,-140,-140,-140,-84.0,-140,-140,-140,-140,-140,-140,-140,-140,-140,-140.0,-140,-140,-140,-140,-140,-140,-140,-140,-140.0,-140.0,-140,-140.0,-140,-140,-140.0,-140,-140,-140.0,-140,-140,-140.0,-140,-140,-140,-140,-140.0,-140,-140,-89.0,-140.0,-140.0,-140.0,-140.0,-140.0,-140,-140.0,-140.0,-140.0,-140.0,-140.0,-140.0,-140.0,-140.0,-140.0,-140.0,-140,-140,-140.0,-140,-140,-140,-140,-140.0,-140,-140.0,-140,-140,-140,-140,-140,-140,-140,-140,-140,-140,-140,-140,-140,-140,-140,-140,-140,-140,-140,-140,-140,-91.0,-140,-140,-140,-140,-140,-140,-140.0,-140,-140,-140,-140,-140,-140,-140,-140,-140.0,-140,-140,-140,-140,-140,-140,-140,-140,-140,-65.0,-140,-140.0,-140,-140.0,-140,-140,-140,-140,-140,-140,-140,-140,-140,-140,-140,-140,-140,-140,-140,-140,-140,-140,-140
115.5388,-73.0,-140.0,-94.0,-140,-140,-140,-140,-140,-81.0,-140,-140,-89.0,-140,-140,-62.0,-140,-140,-140,-140,-140,-140,-140,-140.0,-140.0,-140,-140,-140,-140,-140,-140,-140,-140,-140,-140,-140,-140,-63.0,-74.0,-140.0,-140,-140,-140,-140,-140,-140,-66.0,-140,-140,-140,-140,-140,-80.0,-140,-140,-78.0,-140,-140,-76.0,-61.0,-61.0,-71.0,-140,-71.0,-140.0,-83.0,-140,-140,-140,-140,-140,-140,-140,-140,-140,-140,-140,-140,-140,-140,-140,-140,-140,-140,-140,-140,-140,-140,-140,-140,-89.0,-140.0,-140,-140.0,-90.0,-89.0,-140.0,-140,-140,-140,-140,-90.0,-140,-140,-140,-140,-140,-140,-140,-140,-140,-140.0,-140,-140,-140,-140,-140,-140,-140,-140,-140.0,-140.0,-140,-140.0,-140,-140,-140.0,-140,-140,-140.0,-140,-140,-140.0,-140,-140,-140,-140,-140.0,-140,-140,-90.0,-140.0,-140.0,-140.0,-140.0,-140.0,-140,-140.0,-140.0,-140.0,-140.0,-140.0,-140.0,-140.0,-140.0,-140.0,-140.0,-140,-140,-140.0,-140,-140,-140,-140,-140.0,-140,-140.0,-140,-140,-140,-140,-140,-140,-140,-140,-140,-140,-140,-140,-140,-140,-140,-140,-140,-140,-140,-140,-140,-140.0,-140,-140,-140,-140,-140,-140,-140.0,-140,-140,-140,-140,-140,-140,-140,-140,-140.0,-140,-140,-140,-140,-140,-140,-140,-140,-140,-61.0,-140,-140.0,-140,-140.0,-140,-140,-140,-140,-140,-140,-140,-140,-140,-140,-140,-140,-140,-140,-140,-140,-140,-140,-140
117.4799,-78.0,-140.0,-140.0,-140,-140,-140,-140,-140,-79.0,-140,-140,-89.0,-140,-140,-66.0,-140,-140,-140,-140,-140,-140,-140,-140.0,-92.0,-140,-140,-140,-140,-140,-140,-140,-140,-140,-140,-140,-140,-69.0,-72.0,-140.0,-140,-140,-140,-140,-140,-140,-70.0,-140,-140,-140,-140,-140,-85.0,-140,-140,-140.0,-140,-140,-78.0,-64.0,-64.0,-69.0,-140,-75.0,-140.0,-140.0,-140,-140,-140,-140,-140,-140,-140,-140,-140,-140,-140,-140,-140,-140,-140,-140,-140,-140,-140,-140,-140,-140,-140,-140,-140.0,-140.0,-140,-140.0,-140.0,-140.0,-140.0,-140,-140,-140,-140,-140.0,-140,-140,-140,-140,-140,-140,-140,-140,-140,-140.0,-140,-140,-140,-140,-140,-140,-140,-140,-140.0,-140.0,-140,-140.0,-140,-140,-140.0,-140,-140,-140.0,-140,-140,-140.0,-140,-140,-140,-140,-92.0,-140,-140,-88.0,-140.0,-140.0,-140.0,-93.0,-92.0,-140,-140.0,-140.0,-140.0,-140.0,-140.0,-140.0,-140.0,-140.0,-140.0,-140.0,-140,-140,-140.0,-140,-140,-140,-140,-140.0,-140,-140.0,-140,-140,-140,-140,-140,-140,-140,-140,-140,-140,-140,-140,-140,-140,-140,-140,-140,-140,-140,-140,-140,-140.0,-140,-140,-140,-140,-140,-140,-140.0,-140,-140,-140,-140,-140,-140,-140,-140,-140.0,-140,-140,-140,-140,-140,-140,-140,-140,-140,-65.0,-140,-140.0,-140,-140.0,-140,-140,-140,-140,-140,-140,-140,-140,-140,-140,-140,-140,-140,-140,-140,-140,-140,-140,-140
119.6258,-67.0,-140.0,-93.0,-140,-140,-140,-140,-140,-79.0,-140,-140,-140.0,-140,-140,-63.0,-140,-140,-140,-140,-140,-140,-140,-140.0,-140.0,-140,-140,-140,-140,-140,-140,-140,-140,-140,-140,-140,-140,-71.0,-76.0,-140.0,-140,-140,-140,-140,-140,-140,-71.0,-140,-140,-140,-140,-140,-82.0,-140,-140,-88.0,-140,-140,-79.0,-64.0,-64.0,-72.0,-140,-73.0,-140.0,-89.0,-140,-140,-140,-140,-140,-140,-140,-140,-140,-140,-140,-140,-140,-140,-140,-140,-140,-140,-140,-140,-140,-140,-140,-140,-85.0,-87.0,-140,-140.0,-86.0,-86.0,-86.0,-140,-140,-140,-140,-87.0,-140,-140,-140,-140,-140,-140,-140,-140,-140,-140.0,-140,-140,-140,-140,-140,-140,-140,-140,-140.0,-140.0,-140,-140.0,-140,-140,-140.0,-140,-140,-140.0,-140,-140,-140.0,-140,-140,-140,-140,-91.0,-140,-140,-86.0,-140.0,-140.0,-140.0,-91.0,-140.0,-140,-140.0,-140.0,-140.0,-140.0,-140.0,-140.0,-140.0,-140.0,-140.0,-140.0,-140,-140,-140.0,-140,-140,-140,-140,-140.0,-140,-140.0,-140,-140,-140,-140,-140,-140,-140,-140,-140,-140,-140,-140,-140,-140,-140,-140,-140,-140,-140,-140,-140,-91.0,-140,-140,-140,-140,-140,-140,-140.0,-140,-140,-140,-140,-140,-140,-140,-140,-140.0,-140,-140,-140,-140,-140,-140,-140,-140,-140,-71.0,-140,-140.0,-140,-140.0,-140,-140,-140,-140,-140,-140,-140,-140,-140,-140,-140,-140,-140,-140,-140,-140,-140,-140,-140
121.4951,-77.0,-140.0,-140.0,-140,-140,-140,-140,-140,-77.0,-140,-140,-92.0,-140,-140,-64.0,-140,-140,-140,-140,-140,-140,-140,-140.0,-140.0,-140,-140,-140,-140,-140,-140,-140,-140,-140,-140,-140,-140,-72.0,-79.0,-140.0,-140,-140,-140,-140,-140,-140,-71.0,-140,-140,-140,-140,-140,-78.0,-140,-140,-89.0,-140,-140,-76.0,-63.0,-63.0,-72.0,-140,-69.0,-140.0,-83.0,-140,-140,-140,-140,-140,-140,-140,-140,-140,-140,-140,-140,-140,-140,-140,-140,-140,-140,-140,-140,-140,-140,-140,-140,-90.0,-90.0,-140,-140.0,-140.0,-140.0,-88.0,-140,-140,-140,-140,-89.0,-140,-140,-140,-140,-140,-140,-140,-140,-140,-140.0,-140,-140,-140,-140,-140,-140,-140,-140,-140.0,-140.0,-140,-140.0,-140,-140,-140.0,-140,-140,-140.0,-140,-140,-140.0,-140,-140,-140,-140,-92.0,-140,-140,-140.0,-140.0,-140.0,-140.0,-89.0,-89.0,-140,-140.0,-140.0,-140.0,-140.0,-140.0,-140.0,-140.0,-140.0,-140.0,-140.0,-140,-140,-140.0,-140,-140,-140,-140,-140.0,-140,-140.0,-140,-140,-140,-140,-140,-140,-140,-140,-140,-140,-140,-140,-140,-140,-140,-140,-140,-140,-140,-140,-140,-140.0,-140,-140,-140,-140,-140,-140,-140.0,-140,-140,-140,-140,-140,-140,-140,-140,-140.0,-140,-140,-140,-140,-140,-140,-140,-140,-140,-62.0,-140,-140.0,-140,-140.0,-140,-140,-140,-140,-140,-140,-140,-140,-140,-140,-140,-140,-140,-140,-140,-140,-140,-140,-140
123.4505,-73.0,-140.0,-140.0,-140,-140,-140,-140,-140,-77.0,-140,-140,-140.0,-140,-140,-60.0,-140,-140,-140,-140,-140,-140,-140,-140.0,-140.0,-140,-140,-140,-140,-140,-140,-140,-140,-140,-140,-140,-140,-71.0,-74.0,-140.0,-140,-140,-140,-140,-140,-140,-73.0,-140,-140,-140,-140,-140,-78.0,-140,-140,-88.0,-140,-140,-81.0,-64.0,-64.0,-72.0,-140,-69.0,-140.0,-87.0,-140,-140,-140,-140,-140,-140,-140,-140,-140,-140,-140,-140,-140,-140,-140,-140,-140,-140,-140,-140,-140,-140,-140,-140,-140.0,-87.0,-140,-140.0,-140.0,-89.0,-89.0,-140,-140,-140,-140,-89.0,-140,-140,-140,-140,-140,-140,-140,-140,-140,-140.0,-140,-140,-140,-140,-140,-140,-140,-140,-140.0,-140.0,-140,-140.0,-140,-140,-140.0,-140,-140,-140.0,-140,-140,-140.0,-140,-140,-140,-140,-140.0,-140,-140,-140.0,-140.0,-140.0,-140.0,-89.0,-140.0,-140,-140.0,-140.0,-140.0,-140.0,-140.0,-140.0,-140.0,-140.0,-140.0,-140.0,-140,-140,-95.0,-140,-140,-140,-140,-140.0,-140,-140.0,-140,-140,-140,-140,-140,-140,-140,-140,-140,-140,-140,-140,-140,-140,-140,-140,-140,-140,-140,-140,-140,-140.0,-140,-140,-140,-140,-140,-140,-140.0,-140,-140,-140,-140,-140,-140,-140,-140,-140.0,-140,-140,-140,-140,-140,-140,-140,-140,-140,-62.0,-140,-140.0,-140,-140.0,-140,-140,-140,-140,-140,-140,-140,-140,-140,-140,-140,-140,-140,-140,-140,-140,-140,-140,-140
125.5241,-74.0,-140.0,-91.0,-140,-140,-140,-140,-140,-75.0,-140,-140,-140.0,-140,-140,-64.0,-140,-140,-140,-140,-140,-140,-140,-140.0,-91.0,-140,-140,-140,-140,-140,-140,-140,-140,-140,-140,-140,-140,-70.0,-74.0,-140.0,-140,-140,-140,-140,-140,-140,-140.0,-140,-140,-140,-140,-140,-81.0,-140,-140,-140.0,-140,-140,-140.0,-63.0,-63.0,-71.0,-140,-70.0,-140.0,-82.0,-140,-140,-140,-140,-140,-140,-140,-140,-140,-140,-140,-140,-140,-140,-140,-140,-140,-140,-140,-140,-140,-140,-140,-140,-90.0,-89.0,-140,-140.0,-88.0,-89.0,-89.0,-140,-140,-140,-140,-140.0,-140,-140,-140,-140,-140,-140,-140,-140,-140,-140.0,-140,-140,-140,-140,-140,-140,-140,-140,-140.0,-140.0,-140,-140.0,-140,-140,-140.0,-140,-140,-140.0,-140,-140,-140.0,-140,-140,-140,-140,-140.0,-140,-140,-140.0,-140.0,-140.0,-140.0,-89.0,-87.0,-140,-140.0,-140.0,-140.0,-140.0,-140.0,-140.0,-140.0,-140.0,-140.0,-140.0,-140,-140,-140.0,-140,-140,-140,-140,-140.0,-140,-140.0,-140,-140,-140,-140,-140,-140,-140,-140,-140,-140,-140,-140,-140,-140,-140,-140,-140,-140,-140,-140,-140,-140.0,-140,-140,-140,-140,-140,-140,-140.0,-140,-140,-140,-140,-140,-140,-140,-140,-140.0,-140,-140,-140,-140,-140,-140,-140,-140,-140,-61.0,-140,-140.0,-140,-140.0,-140,-140,-140,-140,-140,-140,-140,-140,-140,-140,-140,-140,-140,-140,-140,-140,-140,-140,-140
127.6039,-75.0,-140.0,-140.0,-140,-140,-140,-140,-140,-75.0,-140,-140,-140.0,-140,-140,-64.0,-140,-140,-140,-140,-140,-140,-140,-140.0,-140.0,-140,-140,-140,-140,-140,-140,-140,-140,-140,-140,-140,-140,-68.0,-75.0,-140.0,-140,-140,-140,-140,-140,-140,-76.0,-140,-140,-140,-140,-140,-78.0,-140,-140,-140.0,-140,-140,-140.0,-62.0,-61.0,-69.0,-140,-72.0,-140.0,-83.0,-140,-140,-140,-140,-140,-140,-140,-140,-140,-140,-140,-140,-140,-140,-140,-140,-140,-140,-140,-140,-140,-140,-140,-140,-86.0,-86.0,-140,-140.0,-86.0,-86.0,-85.0,-140,-140,-140,-140,-86.0,-140,-140,-140,-140,-140,-140,-140,-140,-140,-140.0,-140,-140,-140,-140,-140,-140,-140,-140,-140.0,-140.0,-140,-140.0,-140,-140,-140.0,-140,-140,-140.0,-140,-140,-140.0,-140,-140,-140,-140,-140.0,-140,-140,-87.0,-140.0,-140.0,-140.0,-92.0,-93.0,-140,-140.0,-140.0,-140.0,-140.0,-140.0,-140.0,-140.0,-140.0,-140.0,-140.0,-140,-140,-140.0,-140,-140,-140,-140,-140.0,-140,-140.0,-140,-140,-140,-140,-140,-140,-140,-140,-140,-140,-140,-140,-140,-140,-140,-140,-140,-140,-140,-140,-140,-93.0,-140,-140,-140,-140,-140,-140,-140.0,-140,-140,-140,-140,-140,-140,-140,-140,-140.0,-140,-140,-140,-140,-140,-140,-140,-140,-140,-63.0,-140,-140.0,-140,-140.0,-140,-140,-140,-140,-140,-140,-140,-140,-140,-140,-140,-140,-140,-140,-140,-140,-140,-140,-140
129.4797,-73.0,-140.0,-140.0,-140,-140,-140,-140,-140,-78.0,-140,-140,-140.0,-140,-140,-66.0,-140,-140,-140,-140,-140,-140,-140,-140.0,-140.0,-140,-140,-140,-140,-140,-140,-140,-140,-140,-140,-140,-140,-140.0,-75.0,-140.0,-140,-140,-140,-140,-140,-140,-73.0,-140,-140,-140,-140,-140,-82.0,-140,-140,-140.0,-140,-140,-140.0,-64.0,-64.0,-64.0,-140,-75.0,-140.0,-85.0,-140,-140,-140,-140,-140,-140,-140,-140,-140,-140,-140,-140,-140,-140,-140,-140,-140,-140,-140,-140,-140,-140,-140,-140,-89.0,-87.0,-140,-140.0,-87.0,-87.0,-87.0,-140,-140,-140,-140,-88.0,-140,-140,-140,-140,-140,-140,-140,-140,-140,-140.0,-140,-140,-140,-140,-140,-140,-140,-140,-140.0,-140.0,-140,-140.0,-140,-140,-140.0,-140,-140,-140.0,-140,-140,-140.0,-140,-140,-140,-140,-91.0,-140,-140,-140.0,-140.0,-140.0,-140.0,-140.0,-140.0,-140,-140.0,-140.0,-140.0,-140.0,-140.0,-140.0,-140.0,-140.0,-140.0,-140.0,-140,-140,-140.0,-140,-140,-140,-140,-140.0,-140,-140.0,-140,-140,-140,-140,-140,-140,-140,-140,-140,-140,-140,-140,-140,-140,-140,-140,-140,-140,-140,-140,-140,-140.0,-140,-140,-140,-140,-140,-140,-140.0,-140,-140,-140,-140,-140,-140,-140,-140,-140.0,-140,-140,-140,-140,-140,-140,-140,-140,-140,-66.0,-140,-140.0,-140,-140.0,-140,-140,-140,-140,-140,-140,-140,-140,-140,-140,-140,-140,-140,-140,-140,-140,-140,-140,-140
131.5344,-76.0,-140.0,-140.0,-140,-140,-140,-140,-140,-78.0,-140,-140,-140.0,-140,-140,-64.0,-140,-140,-140,-140,-140,-140,-140,-140.0,-140.0,-140,-140,-140,-140,-140,-140,-140,-140,-140,-140,-140,-140,-68.0,-72.0,-140.0,-140,-140,-140,-140,-140,-140,-66.0,-140,-140,-140,-140,-140,-83.0,-140,-140,-88.0,-140,-140,-77.0,-62.0,-62.0,-70.0,-140,-72.0,-140.0,-83.0,-140,-140,-140,-140,-140,-140,-140,-140,-140,-140,-140,-140,-140,-140,-140,-140,-140,-140,-140,-140,-140,-140,-140,-140,-140.0,-140.0,-140,-140.0,-140.0,-140.0,-140.0,-140,-140,-140,-140,-140.0,-140,-140,-140,-140,-140,-140,-140,-140,-140,-140.0,-140,-140,-140,-140,-140,-140,-140,-140,-140.0,-140.0,-140,-140.0,-140,-140,-140.0,-140,-140,-140.0,-140,-140,-140.0,-140,-140,-140,-140,-92.0,-140,-140,-140.0,-140.0,-140.0,-140.0,-95.0,-92.0,-140,-140.0,-140.0,-140.0,-140.0,-140.0,-140.0,-140.0,-140.0,-140.0,-140.0,-140,-140,-140.0,-140,-140,-140,-140,-140.0,-140,-140.0,-140,-140,-140,-140,-140,-140,-140,-140,-140,-140,-140,-140,-140,-140,-140,-140,-140,-140,-140,-140,-140,-140.0,-140,-140,-140,-140,-140,-140,-140.0,-140,-140,-140,-140,-140,-140,-140,-140,-140.0,-140,-140,-140,-140,-140,-140,-140,-140,-140,-64.0,-140,-140.0,-140,-140.0,-140,-140,-140,-140,-140,-140,-140,-140,-140,-140,-140,-140,-140,-140,-140,-140,-140,-140,-140
133.5148,-71.0,-140.0,-92.0,-140,-140,-140,-140,-140,-75.0,-140,-140,-140.0,-140,-140,-57.0,-140,-140,-140,-140,-140,-140,-140,-140.0,-140.0,-140,-140,-140,-140,-140,-140,-140,-140,-140,-140,-140,-140,-67.0,-140.0,-140.0,-140,-140,-140,-140,-140,-140,-75.0,-140,-140,-140,-140,-140,-83.0,-140,-140,-92.0,-140,-140,-76.0,-63.0,-62.0,-65.0,-140,-72.0,-140.0,-85.0,-140,-140,-140,-140,-140,-140,-140,-140,-140,-140,-140,-140,-140,-140,-140,-140,-140,-140,-140,-140,-140,-140,-140,-140,-140.0,-140.0,-140,-140.0,-140.0,-140.0,-140.0,-140,-140,-140,-140,-140.0,-140,-140,-140,-140,-140,-140,-140,-140,-140,-140.0,-140,-140,-140,-140,-140,-140,-140,-140,-140.0,-140.0,-140,-140.0,-140,-140,-140.0,-140,-140,-140.0,-140,-140,-140.0,-140,-140,-140,-140,-140.0,-140,-140,-140.0,-140.0,-140.0,-140.0,-140.0,-91.0,-140,-140.0,-140.0,-140.0,-140.0,-140.0,-140.0,-140.0,-140.0,-140.0,-140.0,-140,-140,-140.0,-140,-140,-140,-140,-140.0,-140,-140.0,-140,-140,-140,-140,-140,-140,-140,-140,-140,-140,-140,-140,-140,-140,-140,-140,-140,-140,-140,-140,-140,-140.0,-140,-140,-140,-140,-140,-140,-140.0,-140,-140,-140,-140,-140,-140,-140,-140,-140.0,-140,-140,-140,-140,-140,-140,-140,-140,-140,-64.0,-140,-140.0,-140,-140.0,-140,-140,-140,-140,-140,-140,-140,-140,-140,-140,-140,-140,-140,-140,-140,-140,-140,-140,-140
135.4984,-72.0,-140.0,-140.0,-140,-140,-140,-140,-140,-77.0,-140,-140,-140.0,-140,-140,-60.0,-140,-140,-140,-140,-140,-140,-140,-140.0,-88.0,-140,-140,-140,-140,-140,-140,-140,-140,-140,-140,-140,-140,-70.0,-75.0,-140.0,-140,-140,-140,-140,-140,-140,-71.0,-140,-140,-140,-140,-140,-80.0,-140,-140,-91.0,-140,-140,-78.0,-63.0,-63.0,-69.0,-140,-73.0,-140.0,-83.0,-140,-140,-140,-140,-140,-140,-140,-140,-140,-140,-140,-140,-140,-140,-140,-140,-140,-140,-140,-140,-140,-140,-140,-140,-140.0,-140.0,-140,-140.0,-140.0,-140.0,-140.0,-140,-140,-140,-140,-140.0,-140,-140,-140,-140,-140,-140,-140,-140,-140,-140.0,-140,-140,-140,-140,-140,-140,-140,-140,-140.0,-140.0,-140,-140.0,-140,-140,-140.0,-140,-140,-140.0,-140,-140,-140.0,-140,-140,-140,-140,-140.0,-140,-140,-140.0,-140.0,-140.0,-140.0,-140.0,-140.0,-140,-140.0,-140.0,-140.0,-140.0,-140.0,-140.0,-140.0,-140.0,-140.0,-140.0,-140,-140,-140.0,-140,-140,-140,-140,-140.0,-140,-140.0,-140,-140,-140,-140,-140,-140,-140,-140,-140,-140,-140,-140,-140,-140,-140,-140,-140,-140,-140,-140,-140,-140.0,-140,-140,-140,-140,-140,-140,-140.0,-140,-140,-140,-140,-140,-140,-140,-140,-140.0,-140,-140,-140,-140,-140,-140,-140,-140,-140,-62.0,-140,-140.0,-140,-140.0,-140,-140,-140,-140,-140,-140,-140,-140,-140,-140,-140,-140,-140,-140,-140,-140,-140,-140,-140
137.4968,-68.0,-140.0,-140.0,-140,-140,-140,-140,-140,-76.0,-140,-140,-140.0,-140,-140,-59.0,-140,-140,-140,-140,-140,-140,-140,-140.0,-88.0,-140,-140,-140,-140,-140,-140,-140,-140,-140,-140,-140,-140,-71.0,-73.0,-140.0,-140,-140,-140,-140,-140,-140,-68.0,-140,-140,-140,-140,-140,-80.0,-140,-140,-88.0,-140,-140,-80.0,-65.0,-65.0,-72.0,-140,-72.0,-140.0,-87.0,-140,-140,-140,-140,-140,-140,-140,-140,-140,-140,-140,-140,-140,-140,-140,-140,-140,-140,-140,-140,-140,-140,-140,-140,-140.0,-140.0,-140,-140.0,-90.0,-89.0,-140.0,-140,-140,-140,-140,-140.0,-140,-140,-140,-140,-140,-140,-140,-140,-140,-140.0,-140,-140,-140,-140,-140,-140,-140,-140,-140.0,-140.0,-140,-140.0,-140,-140,-140.0,-140,-140,-140.0,-140,-140,-140.0,-140,-140,-140,-140,-93.0,-140,-140,-140.0,-140.0,-140.0,-140.0,-92.0,-92.0,-140,-140.0,-140.0,-140.0,-140.0,-140.0,-140.0,-140.0,-140.0,-140.0,-140.0,-140,-140,-140.0,-140,-140,-140,-140,-140.0,-140,-140.0,-140,-140,-140,-140,-140,-140,-140,-140,-140,-140,-140,-140,-140,-140,-140,-140,-140,-140,-140,-140,-140,-140.0,-140,-140,-140,-140,-140,-140,-140.0,-140,-140,-140,-140,-140,-140,-140,-140,-140.0,-140,-140,-140,-140,-140,-140,-140,-140,-140,-63.0,-140,-140.0,-140,-140.0,-140,-140,-140,-140,-140,-140,-140,-140,-140,-140,-140,-140,-140,-140,-140,-140,-140,-140,-140
139.4813,-140.0,-140.0,-140.0,-140,-140,-140,-140,-140,-140.0,-140,-140,-140.0,-140,-140,-59.0,-140,-140,-140,-140,-140,-140,-140,-140.0,-92.0,-140,-140,-140,-140,-140,-140,-140,-140,-140,-140,-140,-140,-67.0,-72.0,-140.0,-140,-140,-140,-140,-140,-140,-69.0,-140,-140,-140,-140,-140,-80.0,-140,-140,-89.0,-140,-140,-84.0,-67.0,-67.0,-69.0,-140,-73.0,-140.0,-82.0,-140,-140,-140,-140,-140,-140,-140,-140,-140,-140,-140,-140,-140,-140,-140,-140,-140,-140,-140,-140,-140,-140,-140,-140,-140.0,-140.0,-140,-140.0,-140.0,-140.0,-140.0,-140,-140,-140,-140,-140.0,-140,-140,-140,-140,-140,-140,-140,-140,-140,-140.0,-140,-140,-140,-140,-140,-140,-140,-140,-140.0,-140.0,-140,-140.0,-140,-140,-140.0,-140,-140,-140.0,-140,-140,-140.0,-140,-140,-140,-140,-89.0,-140,-140,-140.0,-87.0,-140.0,-140.0,-89.0,-89.0,-140,-140.0,-140.0,-140.0,-140.0,-140.0,-140.0,-140.0,-140.0,-140.0,-140.0,-140,-140,-140.0,-140,-140,-140,-140,-140.0,-140,-140.0,-140,-140,-140,-140,-140,-140,-140,-140,-140,-140,-140,-140,-140,-140,-140,-140,-140,-140,-140,-140,-140,-140.0,-140,-140,-140,-140,-140,-140,-140.0,-140,-140,-140,-140,-140,-140,-140,-140,-140.0,-140,-140,-140,-140,-140,-140,-140,-140,-140,-63.0,-140,-140.0,-140,-140.0,-140,-140,-140,-140,-140,-140,-140,-140,-140,-140,-140,-140,-140,-140,-140,-140,-140,-140,-140
141.4733,-70.0,-140.0,-93.0,-140,-140,-140,-140,-140,-81.0,-140,-140,-140.0,-140,-140,-58.0,-140,-140,-140,-140,-140,-140,-140,-140.0,-140.0,-140,-140,-140,-140,-140,-140,-140,-140,-140,-140,-140,-140,-69.0,-73.0,-140.0,-140,-140,-140,-140,-140,-140,-71.0,-140,-140,-140,-140,-140,-81.0,-140,-140,-88.0,-140,-140,-76.0,-65.0,-65.0,-71.0,-140,-72.0,-140.0,-86.0,-140,-140,-140,-140,-140,-140,-140,-140,-140,-140,-140,-140,-140,-140,-140,-140,-140,-140,-140,-140,-140,-140,-140,-140,-140.0,-140.0,-140,-140.0,-140.0,-140.0,-140.0,-140,-140,-140,-140,-140.0,-140,-140,-140,-140,-140,-140,-140,-140,-140,-140.0,-140,-140,-140,-140,-140,-140,-140,-140,-140.0,-140.0,-140,-140.0,-140,-140,-140.0,-140,-140,-140.0,-140,-140,-140.0,-140,-140,-140,-140,-90.0,-140,-140,-140.0,-82.0,-140.0,-140.0,-91.0,-140.0,-140,-140.0,-140.0,-140.0,-140.0,-140.0,-140.0,-140.0,-140.0,-140.0,-140.0,-140,-140,-140.0,-140,-140,-140,-140,-140.0,-140,-140.0,-140,-140,-140,-140,-140,-140,-140,-140,-140,-140,-140,-140,-140,-140,-140,-140,-140,-140,-140,-140,-140,-140.0,-140,-140,-140,-140,-140,-140,-140.0,-140,-140,-140,-140,-140,-140,-140,-140,-140.0,-140,-140,-140,-140,-140,-140,-140,-140,-140,-63.0,-140,-140.0,-140,-140.0,-140,-140,-140,-140,-140,-140,-140,-140,-140,-140,-140,-140,-140,-140,-140,-140,-140,-140,-140
143.5131,-75.0,-140.0,-140.0,-140,-140,-140,-140,-140,-140.0,-140,-140,-140.0,-140,-140,-57.0,-140,-140,-140,-140,-140,-140,-140,-140.0,-140.0,-140,-140,-140,-140,-140,-140,-140,-140,-140,-140,-140,-140,-66.0,-73.0,-140.0,-140,-140,-140,-140,-140,-140,-70.0,-140,-140,-140,-140,-140,-67.0,-140,-140,-90.0,-140,-140,-75.0,-63.0,-63.0,-140.0,-140,-71.0,-140.0,-87.0,-140,-140,-140,-140,-140,-140,-140,-140,-140,-140,-140,-140,-140,-140,-140,-140,-140,-140,-140,-140,-140,-140,-140,-140,-140.0,-140.0,-140,-140.0,-140.0,-90.0,-140.0,-140,-140,-140,-140,-140.0,-140,-140,-140,-140,-140,-140,-140,-140,-140,-140.0,-140,-140,-140,-140,-140,-140,-140,-140,-140.0,-140.0,-140,-140.0,-140,-140,-140.0,-140,-140,-140.0,-140,-140,-140.0,-140,-140,-140,-140,-88.0,-140,-140,-89.0,-140.0,-140.0,-140.0,-91.0,-89.0,-140,-140.0,-140.0,-140.0,-140.0,-140.0,-140.0,-140.0,-140.0,-140.0,-140.0,-140,-140,-140.0,-140,-140,-140,-140,-140.0,-140,-140.0,-140,-140,-140,-140,-140,-140,-140,-140,-140,-140,-140,-140,-140,-140,-140,-140,-140,-140,-140,-140,-140,-140.0,-140,-140,-140,-140,-140,-140,-140.0,-140,-140,-140,-140,-140,-140,-140,-140,-140.0,-140,-140,-140,-140,-140,-140,-140,-140,-140,-64.0,-140,-140.0,-140,-140.0,-140,-140,-140,-140,-140,-140,-140,-140,-140,-140,-140,-140,-140,-140,-140,-140,-140,-140,-140
145.5856,-70.0,-140.0,-140.0,-140,-140,-140,-140,-140,-79.0,-140,-140,-140.0,-140,-140,-65.0,-140,-140,-140,-140,-140,-140,-140,-140.0,-140.0,-140,-140,-140,-140,-140,-140,-140,-140,-140,-140,-140,-140,-67.0,-70.0,-140.0,-140,-140,-140,-140,-140,-140,-65.0,-140,-140,-140,-140,-140,-76.0,-140,-140,-86.0,-140,-140,-72.0,-65.0,-65.0,-67.0,-140,-70.0,-140.0,-140.0,-140,-140,-140,-140,-140,-140,-140,-140,-140,-140,-140,-140,-140,-140,-140,-140,-140,-140,-140,-140,-140,-140,-140,-140,-86.0,-84.0,-140,-140.0,-86.0,-86.0,-84.0,-140,-140,-140,-140,-86.0,-140,-140,-140,-140,-140,-140,-140,-140,-140,-140.0,-140,-140,-140,-140,-140,-140,-140,-140,-140.0,-140.0,-140,-140.0,-140,-140,-140.0,-140,-140,-140.0,-140,-140,-140.0,-140,-140,-140,-140,-140.0,-140,-140,-140.0,-140.0,-140.0,-140.0,-140.0,-140.0,-140,-140.0,-140.0,-140.0,-92.0,-140.0,-140.0,-140.0,-140.0,-140.0,-140.0,-140,-140,-140.0,-140,-140,-140,-140,-140.0,-140,-140.0,-140,-140,-140,-140,-140,-140,-140,-140,-140,-140,-140,-140,-140,-140,-140,-140,-140,-140,-140,-140,-140,-140.0,-140,-140,-140,-140,-140,-140,-140.0,-140,-140,-140,-140,-140,-140,-140,-140,-140.0,-140,-140,-140,-140,-140,-140,-140,-140,-140,-60.0,-140,-140.0,-140,-140.0,-140,-140,-140,-140,-140,-140,-140,-140,-140,-140,-140,-140,-140,-140,-140,-140,-140,-140,-140
147.5035,-75.0,-140.0,-140.0,-140,-140,-140,-140,-140,-77.0,-140,-140,-140.0,-140,-140,-58.0,-140,-140,-140,-140,-140,-140,-140,-140.0,-140.0,-140,-140,-140,-140,-140,-140,-140,-140,-140,-140,-140,-140,-60.0,-72.0,-140.0,-140,-140,-140,-140,-140,-140,-57.0,-140,-140,-140,-140,-140,-74.0,-140,-140,-85.0,-140,-140,-66.0,-62.0,-62.0,-66.0,-140,-72.0,-140.0,-87.0,-140,-140,-140,-140,-140,-140,-140,-140,-140,-140,-140,-140,-140,-140,-140,-140,-140,-140,-140,-140,-140,-140,-140,-140,-88.0,-87.0,-140,-140.0,-140.0,-87.0,-86.0,-140,-140,-140,-140,-88.0,-140,-140,-140,-140,-140,-140,-140,-140,-140,-140.0,-140,-140,-140,-140,-140,-140,-140,-140,-140.0,-140.0,-140,-140.0,-140,-140,-140.0,-140,-140,-140.0,-140,-140,-140.0,-140,-140,-140,-140,-86.0,-140,-140,-140.0,-140.0,-140.0,-140.0,-87.0,-140.0,-140,-140.0,-140.0,-140.0,-140.0,-140.0,-140.0,-140.0,-140.0,-140.0,-140.0,-140,-140,-140.0,-140,-140,-140,-140,-140.0,-140,-140.0,-140,-140,-140,-140,-140,-140,-140,-140,-140,-140,-140,-140,-140,-140,-140,-140,-140,-140,-140,-140,-140,-140.0,-140,-140,-140,-140,-140,-140,-140.0,-140,-140,-140,-140,-140,-140,-140,-140,-140.0,-140,-140,-140,-140,-140,-140,-140,-140,-140,-64.0,-140,-140.0,-140,-140.0,-140,-140,-140,-140,-140,-140,-140,-140,-140,-140,-140,-140,-140,-140,-140,-140,-140,-140,-140
149.7226,-72.0,-140.0,-140.0,-140,-140,-140,-140,-140,-80.0,-140,-140,-140.0,-140,-140,-73.0,-140,-140,-140,-140,-140,-140,-140,-140.0,-94.0,-140,-140,-140,-140,-140,-140,-140,-140,-140,-140,-140,-140,-140.0,-77.0,-82.0,-140,-140,-140,-140,-140,-140,-68.0,-140,-140,-140,-140,-140,-76.0,-140,-140,-89.0,-140,-140,-65.0,-74.0,-73.0,-72.0,-140,-83.0,-140.0,-140.0,-140,-140,-140,-140,-140,-140,-140,-140,-140,-140,-140,-140,-140,-140,-140,-140,-140,-140,-140,-140,-140,-140,-140,-140,-85.0,-86.0,-140,-140.0,-85.0,-87.0,-85.0,-140,-140,-140,-140,-85.0,-140,-140,-140,-140,-140,-140,-140,-140,-140,-140.0,-140,-140,-140,-140,-140,-140,-140,-140,-140.0,-140.0,-140,-140.0,-140,-140,-140.0,-140,-140,-140.0,-140,-140,-140.0,-140,-140,-140,-140,-140.0,-140,-140,-140.0,-140.0,-140.0,-140.0,-140.0,-140.0,-140,-140.0,-90.0,-140.0,-89.0,-140.0,-140.0,-140.0,-140.0,-140.0,-140.0,-140,-140,-140.0,-140,-140,-140,-140,-140.0,-140,-140.0,-140,-140,-140,-140,-140,-140,-140,-140,-140,-140,-140,-140,-140,-140,-140,-140,-140,-140,-140,-140,-140,-140.0,-140,-140,-140,-140,-140,-140,-140.0,-140,-140,-140,-140,-140,-140,-140,-140,-140.0,-140,-140,-140,-140,-140,-140,-140,-140,-140,-61.0,-140,-140.0,-140,-140.0,-140,-140,-140,-140,-140,-140,-140,-140,-140,-140,-140,-140,-140,-140,-140,-140,-140,-140,-140
153.7968,-69.0,-140.0,-140.0,-140,-140,-140,-140,-140,-77.0,-140,-140,-89.0,-140,-140,-72.0,-140,-140,-140,-140,-140,-140,-140,-140.0,-140.0,-140,-140,-140,-140,-140,-140,-140,-140,-140,-140,-140,-140,-80.0,-79.0,-140.0,-140,-140,-140,-140,-140,-140,-70.0,-140,-140,-140,-140,-140,-83.0,-140,-140,-91.0,-140,-140,-78.0,-80.0,-80.0,-81.0,-140,-84.0,-140.0,-89.0,-140,-140,-140,-140,-140,-140,-140,-140,-140,-140,-140,-140,-140,-140,-140,-140,-140,-140,-140,-140,-140,-140,-140,-140,-83.0,-82.0,-140,-140.0,-83.0,-84.0,-82.0,-140,-140,-140,-140,-82.0,-140,-140,-140,-140,-140,-140,-140,-140,-140,-140.0,-140,-140,-140,-140,-140,-140,-140,-140,-140.0,-93.0,-140,-140.0,-140,-140,-94.0,-140,-140,-140.0,-140,-140,-140.0,-140,-140,-140,-140,-140.0,-140,-140,-89.0,-140.0,-140.0,-91.0,-92.0,-140.0,-140,-140.0,-90.0,-140.0,-89.0,-140.0,-140.0,-140.0,-140.0,-140.0,-140.0,-140,-140,-140.0,-140,-140,-140,-140,-140.0,-140,-140.0,-140,-140,-140,-140,-140,-140,-140,-140,-140,-140,-140,-140,-140,-140,-140,-140,-140,-140,-140,-140,-140,-140.0,-140,-140,-140,-140,-140,-140,-140.0,-140,-140,-140,-140,-140,-140,-140,-140,-140.0,-140,-140,-140,-140,-140,-140,-140,-140,-140,-60.0,-140,-140.0,-140,-140.0,-140,-140,-140,-140,-140,-140,-140,-140,-140,-140,-140,-140,-140,-140,-140,-140,-140,-140,-140
157.6371,-69.0,-140.0,-140.0,-140,-140,-140,-140,-140,-75.0,-140,-140,-140.0,-140,-140,-76.0,-140,-140,-140,-140,-140,-140,-140,-140.0,-90.0,-140,-140,-140,-140,-140,-140,-140,-140,-140,-140,-140,-140,-81.0,-84.0,-140.0,-140,-140,-140,-140,-140,-140,-75.0,-140,-140,-140,-140,-140,-84.0,-140,-140,-140.0,-140,-140,-79.0,-83.0,-82.0,-81.0,-140,-89.0,-140.0,-82.0,-140,-140,-140,-140,-140,-140,-140,-140,-140,-140,-140,-140,-140,-140,-140,-140,-140,-140,-140,-140,-140,-140,-140,-140,-87.0,-140.0,-140,-140.0,-86.0,-87.0,-88.0,-140,-140,-140,-140,-140.0,-140,-140,-140,-140,-140,-140,-140,-140,-140,-140.0,-140,-140,-140,-140,-140,-140,-140,-140,-140.0,-140.0,-140,-140.0,-140,-140,-140.0,-140,-140,-140.0,-140,-140,-140.0,-140,-140,-140,-140,-90.0,-140,-140,-87.0,-140.0,-140.0,-140.0,-85.0,-91.0,-140,-140.0,-140.0,-140.0,-88.0,-140.0,-140.0,-140.0,-140.0,-140.0,-140.0,-140,-140,-140.0,-140,-140,-140,-140,-140.0,-140,-94.0,-140,-140,-140,-140,-140,-140,-140,-140,-140,-140,-140,-140,-140,-140,-140,-140,-140,-140,-140,-140,-140,-90.0,-140,-140,-140,-140,-140,-140,-140.0,-140,-140,-140,-140,-140,-140,-140,-140,-140.0,-140,-140,-140,-140,-140,-140,-140,-140,-140,-52.0,-140,-140.0,-140,-140.0,-140,-140,-140,-140,-140,-140,-140,-140,-140,-140,-140,-140,-140,-140,-140,-140,-140,-140,-140
161.6473,-74.0,-140.0,-140.0,-140,-140,-140,-140,-140,-74.0,-140,-140,-140.0,-140,-140,-76.0,-140,-140,-140,-140,-140,-140,-140,-140.0,-140.0,-140,-140,-140,-140,-140,-140,-140,-140,-140,-140,-140,-140,-89.0,-88.0,-140.0,-140,-140,-140,-140,-140,-140,-81.0,-140,-140,-140,-140,-140,-91.0,-140,-140,-91.0,-140,-140,-84.0,-140.0,-87.0,-86.0,-140,-90.0,-140.0,-86.0,-140,-140,-140,-140,-140,-140,-140,-140,-140,-140,-140,-140,-140,-140,-140,-140,-140,-140,-140,-140,-140,-140,-140,-140,-140.0,-140.0,-140,-140.0,-140.0,-140.0,-140.0,-140,-140,-140,-140,-140.0,-140,-140,-140,-140,-140,-140,-140,-140,-140,-140.0,-140,-140,-140,-140,-140,-140,-140,-140,-140.0,-140.0,-140,-140.0,-140,-140,-140.0,-140,-140,-140.0,-140,-140,-140.0,-140,-140,-140,-140,-140.0,-140,-140,-89.0,-140.0,-140.0,-140.0,-140.0,-140.0,-140,-140.0,-140.0,-140.0,-93.0,-140.0,-140.0,-140.0,-140.0,-140.0,-140.0,-140,-140,-140.0,-140,-140,-140,-140,-140.0,-140,-140.0,-140,-140,-140,-140,-140,-140,-140,-140,-140,-140,-140,-140,-140,-140,-140,-140,-140,-140,-140,-140,-140,-140.0,-140,-140,-140,-140,-140,-140,-140.0,-140,-140,-140,-140,-140,-140,-140,-140,-140.0,-140,-140,-140,-140,-140,-140,-140,-140,-140,-58.0,-140,-140.0,-140,-140.0,-140,-140,-140,-140,-140,-140,-140,-140,-140,-140,-140,-140,-140,-140,-140,-140,-140,-140,-140
163.6268,-71.0,-140.0,-140.0,-140,-140,-140,-140,-140,-76.0,-140,-140,-140.0,-140,-140,-80.0,-140,-140,-140,-140,-140,-140,-140,-140.0,-140.0,-140,-140,-140,-140,-140,-140,-140,-140,-140,-140,-140,-140,-140.0,-91.0,-87.0,-140,-140,-140,-140,-140,-140,-82.0,-140,-140,-140,-140,-140,-88.0,-140,-140,-140.0,-140,-140,-82.0,-91.0,-90.0,-83.0,-140,-90.0,-140.0,-89.0,-140,-140,-140,-140,-140,-140,-140,-140,-140,-140,-140,-140,-140,-140,-140,-140,-140,-140,-140,-140,-140,-140,-140,-140,-140.0,-140.0,-140,-140.0,-140.0,-140.0,-140.0,-140,-140,-140,-140,-140.0,-140,-140,-140,-140,-140,-140,-140,-140,-140,-140.0,-140,-140,-140,-140,-140,-140,-140,-140,-94.0,-140.0,-140,-140.0,-140,-140,-140.0,-140,-140,-90.0,-140,-140,-140.0,-140,-140,-140,-140,-89.0,-140,-140,-140.0,-140.0,-140.0,-140.0,-89.0,-140.0,-140,-91.0,-140.0,-140.0,-91.0,-140.0,-140.0,-140.0,-140.0,-140.0,-140.0,-140,-140,-140.0,-140,-140,-140,-140,-140.0,-140,-140.0,-140,-140,-140,-140,-140,-140,-140,-140,-140,-140,-140,-140,-140,-140,-140,-140,-140,-140,-140,-140,-140,-89.0,-140,-140,-140,-140,-140,-140,-140.0,-140,-140,-140,-140,-140,-140,-140,-140,-140.0,-140,-140,-140,-140,-140,-140,-140,-140,-140,-63.0,-140,-140.0,-140,-140.0,-140,-140,-140,-140,-140,-140,-140,-140,-140,-140,-140,-140,-140,-140,-140,-140,-140,-140,-140
165.6193,-74.0,-140.0,-140.0,-140,-140,-140,-140,-140,-140.0,-140,-140,-140.0,-140,-140,-140.0,-140,-140,-140,-140,-140,-140,-140,-140.0,-140.0,-140,-140,-140,-140,-140,-140,-140,-140,-140,-140,-140,-140,-140.0,-140.0,-91.0,-140,-140,-140,-140,-140,-140,-140.0,-140,-140,-140,-140,-140,-140.0,-140,-140,-140.0,-140,-140,-140.0,-92.0,-90.0,-140.0,-140,-140.0,-140.0,-140.0,-140,-140,-140,-140,-140,-140,-140,-140,-140,-140,-140,-140,-140,-140,-140,-140,-140,-140,-140,-140,-140,-140,-140,-140,-90.0,-140.0,-140,-140.0,-89.0,-140.0,-140.0,-140,-140,-140,-140,-140.0,-140,-140,-140,-140,-140,-140,-140,-140,-140,-140.0,-140,-140,-140,-140,-140,-140,-140,-140,-140.0,-140.0,-140,-140.0,-140,-140,-140.0,-140,-140,-140.0,-140,-140,-140.0,-140,-140,-140,-140,-92.0,-140,-140,-89.0,-140.0,-140.0,-140.0,-140.0,-140.0,-140,-140.0,-90.0,-140.0,-140.0,-140.0,-140.0,-140.0,-140.0,-140.0,-140.0,-140,-140,-140.0,-140,-140,-140,-140,-140.0,-140,-140.0,-140,-140,-140,-140,-140,-140,-140,-140,-140,-140,-140,-140,-140,-140,-140,-140,-140,-140,-140,-140,-140,-91.0,-140,-140,-140,-140,-140,-140,-140.0,-140,-140,-140,-140,-140,-140,-140,-140,-140.0,-140,-140,-140,-140,-140,-140,-140,-140,-140,-65.0,-140,-140.0,-140,-140.0,-140,-140,-140,-140,-140,-140,-140,-140,-140,-140,-140,-140,-140,-140,-140,-140,-140,-140,-140
167.4484,-79.0,-140.0,-140.0,-140,-140,-140,-140,-140,-74.0,-140,-140,-140.0,-140,-140,-83.0,-140,-140,-140,-140,-140,-140,-140,-140.0,-140.0,-140,-140,-140,-140,-140,-140,-140,-140,-140,-140,-140,-140,-140.0,-140.0,-140.0,-140,-140,-140,-140,-140,-140,-84.0,-140,-140,-140,-140,-140,-140.0,-140,-140,-140.0,-140,-140,-140.0,-140.0,-93.0,-85.0,-140,-92.0,-140.0,-87.0,-140,-140,-140,-140,-140,-140,-140,-140,-140,-140,-140,-140,-140,-140,-140,-140,-140,-140,-140,-140,-140,-140,-140,-140,-140.0,-140.0,-140,-140.0,-140.0,-140.0,-140.0,-140,-140,-140,-140,-140.0,-140,-140,-140,-140,-140,-140,-140,-140,-140,-140.0,-140,-140,-140,-140,-140,-140,-140,-140,-140.0,-140.0,-140,-140.0,-140,-140,-140.0,-140,-140,-140.0,-140,-140,-140.0,-140,-140,-140,-140,-91.0,-140,-140,-90.0,-140.0,-140.0,-140.0,-92.0,-92.0,-140,-140.0,-140.0,-140.0,-140.0,-140.0,-140.0,-140.0,-140.0,-140.0,-140.0,-140,-140,-140.0,-140,-140,-140,-140,-140.0,-140,-140.0,-140,-140,-140,-140,-140,-140,-140,-140,-140,-140,-140,-140,-140,-140,-140,-140,-140,-140,-140,-140,-140,-88.0,-140,-140,-140,-140,-140,-140,-140.0,-140,-140,-140,-140,-140,-140,-140,-140,-140.0,-140,-140,-140,-140,-140,-140,-140,-140,-140,-68.0,-140,-93.0,-140,-140.0,-140,-140,-140,-140,-140,-140,-140,-140,-140,-140,-140,-140,-140,-140,-140,-140,-140,-140,-140
169.633,-75.0,-140.0,-140.0,-140,-140,-140,-140,-140,-140.0,-140,-140,-140.0,-140,-140,-81.0,-140,-140,-140,-140,-140,-140,-140,-140.0,-140.0,-140,-140,-140,-140,-140,-140,-140,-140,-140,-140,-140,-140,-140.0,-140.0,-92.0,-140,-140,-140,-140,-140,-140,-86.0,-140,-140,-140,-140,-140,-87.0,-140,-140,-140.0,-140,-140,-140.0,-140.0,-140.0,-140.0,-140,-140.0,-140.0,-88.0,-140,-140,-140,-140,-140,-140,-140,-140,-140,-140,-140,-140,-140,-140,-140,-140,-140,-140,-140,-140,-140,-140,-140,-140,-140.0,-140.0,-140,-140.0,-140.0,-140.0,-140.0,-140,-140,-140,-140,-140.0,-140,-140,-140,-140,-140,-140,-140,-140,-140,-140.0,-140,-140,-140,-140,-140,-140,-140,-140,-140.0,-140.0,-140,-140.0,-140,-140,-140.0,-140,-140,-140.0,-140,-140,-140.0,-140,-140,-140,-140,-140.0,-140,-140,-88.0,-140.0,-140.0,-140.0,-140.0,-140.0,-140,-91.0,-93.0,-140.0,-140.0,-94.0,-140.0,-140.0,-140.0,-140.0,-140.0,-140,-140,-140.0,-140,-140,-140,-140,-140.0,-140,-140.0,-140,-140,-140,-140,-140,-140,-140,-140,-140,-140,-140,-140,-140,-140,-140,-140,-140,-140,-140,-140,-140,-140.0,-140,-140,-140,-140,-140,-140,-140.0,-140,-140,-140,-140,-140,-140,-140,-140,-140.0,-140,-140,-140,-140,-140,-140,-140,-140,-140,-74.0,-140,-140.0,-140,-140.0,-140,-140,-140,-140,-140,-140,-140,-140,-140,-140,-140,-140,-140,-140,-140,-140,-140,-140,-140
171.5038,-78.0,-95.0,-140.0,-140,-140,-140,-140,-140,-140.0,-140,-140,-140.0,-140,-140,-85.0,-140,-140,-140,-140,-140,-140,-140,-140.0,-140.0,-140,-140,-140,-140,-140,-140,-140,-140,-140,-140,-140,-140,-140.0,-140.0,-89.0,-140,-140,-140,-140,-140,-140,-89.0,-140,-140,-140,-140,-140,-93.0,-140,-140,-140.0,-140,-140,-140.0,-140.0,-140.0,-91.0,-140,-92.0,-140.0,-84.0,-140,-140,-140,-140,-140,-140,-140,-140,-140,-140,-140,-140,-140,-140,-140,-140,-140,-140,-140,-140,-140,-140,-140,-140,-140.0,-140.0,-140,-140.0,-140.0,-140.0,-140.0,-140,-140,-140,-140,-140.0,-140,-140,-140,-140,-140,-140,-140,-140,-140,-140.0,-140,-140,-140,-140,-140,-140,-140,-140,-140.0,-140.0,-140,-140.0,-140,-140,-140.0,-140,-140,-140.0,-140,-140,-140.0,-140,-140,-140,-140,-140.0,-140,-140,-140.0,-140.0,-140.0,-140.0,-88.0,-140.0,-140,-140.0,-140.0,-140.0,-140.0,-140.0,-140.0,-140.0,-140.0,-140.0,-140.0,-140,-140,-140.0,-140,-140,-140,-140,-140.0,-140,-140.0,-140,-140,-140,-140,-140,-140,-140,-140,-140,-140,-140,-140,-140,-140,-140,-140,-140,-140,-140,-140,-140,-140.0,-140,-140,-140,-140,-140,-140,-140.0,-140,-140,-140,-140,-140,-140,-140,-140,-140.0,-140,-140,-140,-140,-140,-140,-140,-140,-140,-72.0,-140,-93.0,-140,-140.0,-140,-140,-140,-140,-140,-140,-140,-140,-140,-140,-140,-140,-140,-140,-140,-140,-140,-140,-140
173.4802,-70.0,-140.0,-140.0,-140,-140,-140,-140,-140,-140.0,-140,-140,-140.0,-140,-140,-140.0,-140,-140,-140,-140,-140,-140,-140,-140.0,-140.0,-140,-140,-140,-140,-140,-140,-140,-140,-140,-140,-140,-140,-88.0,-92.0,-90.0,-140,-140,-140,-140,-140,-140,-90.0,-140,-140,-140,-140,-140,-140.0,-140,-140,-140.0,-140,-140,-140.0,-140.0,-94.0,-140.0,-140,-93.0,-140.0,-82.0,-140,-140,-140,-140,-140,-140,-140,-140,-140,-140,-140,-140,-140,-140,-140,-140,-140,-140,-140,-140,-140,-140,-140,-140,-140.0,-140.0,-140,-140.0,-140.0,-140.0,-140.0,-140,-140,-140,-140,-140.0,-140,-140,-140,-140,-140,-140,-140,-140,-140,-140.0,-140,-140,-140,-140,-140,-140,-140,-140,-140.0,-140.0,-140,-140.0,-140,-140,-140.0,-140,-140,-89.0,-140,-140,-140.0,-140,-140,-140,-140,-91.0,-140,-140,-88.0,-140.0,-140.0,-140.0,-92.0,-91.0,-140,-140.0,-140.0,-140.0,-140.0,-140.0,-140.0,-140.0,-140.0,-140.0,-140.0,-140,-140,-140.0,-140,-140,-140,-140,-140.0,-140,-140.0,-140,-140,-140,-140,-140,-140,-140,-140,-140,-140,-140,-140,-140,-140,-140,-140,-140,-140,-140,-140,-140,-90.0,-140,-140,-140,-140,-140,-140,-140.0,-140,-140,-140,-140,-140,-140,-140,-140,-140.0,-140,-140,-140,-140,-140,-140,-140,-140,-140,-70.0,-140,-93.0,-140,-140.0,-140,-140,-140,-140,-140,-140,-140,-140,-140,-140,-140,-140,-140,-140,-140,-140,-140,-140,-140
175.6235,-75.0,-140.0,-140.0,-140,-140,-140,-140,-140,-82.0,-140,-140,-140.0,-140,-140,-91.0,-140,-140,-140,-140,-140,-140,-140,-140.0,-91.0,-140,-140,-140,-140,-140,-140,-140,-140,-140,-140,-140,-140,-140.0,-140.0,-140.0,-140,-140,-140,-140,-140,-140,-89.0,-140,-140,-140,-140,-140,-140.0,-140,-140,-140.0,-140,-140,-91.0,-140.0,-92.0,-140.0,-140,-92.0,-93.0,-140.0,-140,-140,-140,-140,-140,-140,-140,-140,-140,-140,-140,-140,-140,-140,-140,-140,-140,-140,-140,-140,-140,-140,-140,-140,-140.0,-140.0,-140,-140.0,-140.0,-140.0,-140.0,-140,-140,-140,-140,-140.0,-140,-140,-140,-140,-140,-140,-140,-140,-140,-140.0,-140,-140,-140,-140,-140,-140,-140,-140,-140.0,-140.0,-140,-140.0,-140,-140,-140.0,-140,-140,-90.0,-140,-140,-140.0,-140,-140,-140,-140,-91.0,-140,-140,-140.0,-140.0,-140.0,-140.0,-92.0,-92.0,-140,-89.0,-140.0,-140.0,-90.0,-140.0,-140.0,-140.0,-140.0,-140.0,-140.0,-140,-140,-140.0,-140,-140,-140,-140,-140.0,-140,-140.0,-140,-140,-140,-140,-140,-140,-140,-140,-140,-140,-140,-140,-140,-140,-140,-140,-140,-140,-140,-140,-140,-140.0,-140,-140,-140,-140,-140,-140,-140.0,-140,-140,-140,-140,-140,-140,-140,-140,-140.0,-140,-140,-140,-140,-140,-140,-140,-140,-140,-140.0,-140,-91.0,-140,-140.0,-140,-140,-140,-140,-140,-140,-140,-140,-140,-140,-140,-140,-140,-140,-140,-140,-140,-140,-140
177.5054,-76.0,-140.0,-140.0,-140,-140,-140,-140,-140,-140.0,-140,-140,-140.0,-140,-140,-85.0,-140,-140,-140,-140,-140,-140,-140,-140.0,-140.0,-140,-140,-140,-140,-140,-140,-140,-140,-140,-140,-140,-140,-140.0,-140.0,-140.0,-140,-140,-140,-140,-140,-140,-90.0,-140,-140,-140,-140,-140,-140.0,-140,-140,-140.0,-140,-140,-140.0,-140.0,-140.0,-93.0,-140,-140.0,-140.0,-84.0,-140,-140,-140,-140,-140,-140,-140,-140,-140,-140,-140,-140,-140,-140,-140,-140,-140,-140,-140,-140,-140,-140,-140,-140,-140.0,-140.0,-140,-140.0,-140.0,-140.0,-140.0,-140,-140,-140,-140,-140.0,-140,-140,-140,-140,-140,-140,-140,-140,-140,-140.0,-140,-140,-140,-140,-140,-140,-140,-140,-140.0,-140.0,-140,-140.0,-140,-140,-140.0,-140,-140,-140.0,-140,-140,-140.0,-140,-140,-140,-140,-86.0,-140,-140,-88.0,-140.0,-140.0,-140.0,-84.0,-88.0,-140,-140.0,-140.0,-140.0,-140.0,-140.0,-140.0,-140.0,-140.0,-140.0,-140.0,-140,-140,-140.0,-140,-140,-140,-140,-140.0,-140,-140.0,-140,-140,-140,-140,-140,-140,-140,-140,-140,-140,-140,-140,-140,-140,-140,-140,-140,-140,-140,-140,-140,-140.0,-140,-140,-140,-140,-140,-140,-140.0,-140,-140,-140,-140,-140,-140,-140,-140,-140.0,-140,-140,-140,-140,-140,-140,-140,-140,-140,-86.0,-140,-140.0,-140,-140.0,-140,-140,-140,-140,-140,-140,-140,-140,-140,-140,-140,-140,-140,-140,-140,-140,-140,-140,-140
179.4901,-81.0,-140.0,-140.0,-140,-140,-140,-140,-140,-78.0,-140,-140,-140.0,-140,-140,-88.0,-140,-140,-140,-140,-140,-140,-140,-140.0,-93.0,-140,-140,-140,-140,-140,-140,-140,-140,-140,-140,-140,-140,-140.0,-140.0,-140.0,-140,-140,-140,-140,-140,-140,-88.0,-140,-140,-140,-140,-140,-140.0,-140,-140,-140.0,-140,-140,-140.0,-140.0,-140.0,-90.0,-140,-140.0,-91.0,-140.0,-140,-140,-140,-140,-140,-140,-140,-140,-140,-140,-140,-140,-140,-140,-140,-140,-140,-140,-140,-140,-140,-140,-140,-140,-140.0,-140.0,-140,-140.0,-140.0,-140.0,-140.0,-140,-140,-140,-140,-140.0,-140,-140,-140,-140,-140,-140,-140,-140,-140,-140.0,-140,-140,-140,-140,-140,-140,-140,-140,-140.0,-140.0,-140,-140.0,-140,-140,-94.0,-140,-140,-90.0,-140,-140,-140.0,-140,-140,-140,-140,-140.0,-140,-140,-140.0,-140.0,-140.0,-140.0,-140.0,-140.0,-140,-93.0,-140.0,-140.0,-140.0,-140.0,-140.0,-140.0,-140.0,-140.0,-140.0,-140,-140,-140.0,-140,-140,-140,-140,-140.0,-140,-140.0,-140,-140,-140,-140,-140,-140,-140,-140,-140,-140,-140,-140,-140,-140,-140,-140,-140,-140,-140,-140,-140,-140.0,-140,-140,-140,-140,-140,-140,-140.0,-140,-140,-140,-140,-140,-140,-140,-140,-140.0,-140,-140,-140,-140,-140,-140,-140,-140,-140,-140.0,-140,-140.0,-140,-140.0,-140,-140,-140,-140,-140,-140,-140,-140,-140,-140,-140,-140,-140,-140,-140,-140,-140,-140,-140
181.503,-84.0,-140.0,-140.0,-140,-140,-140,-140,-140,-140.0,-140,-140,-140.0,-140,-140,-89.0,-140,-140,-140,-140,-140,-140,-140,-140.0,-140.0,-140,-140,-140,-140,-140,-140,-140,-140,-140,-140,-140,-140,-140.0,-140.0,-91.0,-140,-140,-140,-140,-140,-140,-92.0,-140,-140,-140,-140,-140,-140.0,-140,-140,-140.0,-140,-140,-140.0,-140.0,-140.0,-140.0,-140,-140.0,-91.0,-76.0,-140,-140,-140,-140,-140,-140,-140,-140,-140,-140,-140,-140,-140,-140,-140,-140,-140,-140,-140,-140,-140,-140,-140,-140,-140.0,-140.0,-140,-140.0,-140.0,-140.0,-140.0,-140,-140,-140,-140,-140.0,-140,-140,-140,-140,-140,-140,-140,-140,-140,-140.0,-140,-140,-140,-140,-140,-140,-140,-140,-140.0,-140.0,-140,-140.0,-140,-140,-140.0,-140,-140,-81.0,-140,-140,-140.0,-140,-140,-140,-140,-140.0,-140,-140,-140.0,-140.0,-140.0,-140.0,-140.0,-140.0,-140,-140.0,-140.0,-140.0,-140.0,-140.0,-140.0,-140.0,-140.0,-140.0,-140.0,-140,-140,-140.0,-140,-140,-140,-140,-140.0,-140,-140.0,-140,-140,-140,-140,-140,-140,-140,-140,-140,-140,-140,-140,-140,-140,-140,-140,-140,-140,-140,-140,-140,-140.0,-140,-140,-140,-140,-140,-140,-140.0,-140,-140,-140,-140,-140,-140,-140,-140,-140.0,-140,-140,-140,-140,-140,-140,-140,-140,-140,-84.0,-140,-140.0,-140,-140.0,-140,-140,-140,-140,-140,-140,-140,-140,-140,-140,-140,-140,-140,-140,-140,-140,-140,-140,-140
183.4993,-79.0,-140.0,-140.0,-140,-140,-140,-140,-140,-87.0,-140,-140,-96.0,-140,-140,-90.0,-140,-140,-140,-140,-140,-140,-140,-140.0,-140.0,-140,-140,-140,-140,-140,-140,-140,-140,-140,-140,-140,-140,-140.0,-140.0,-89.0,-140,-140,-140,-140,-140,-140,-140.0,-140,-140,-140,-140,-140,-140.0,-140,-140,-140.0,-140,-140,-86.0,-140.0,-140.0,-140.0,-140,-140.0,-140.0,-75.0,-140,-140,-140,-140,-140,-140,-140,-140,-140,-140,-140,-140,-140,-140,-140,-140,-140,-140,-140,-140,-140,-140,-140,-140,-140.0,-140.0,-140,-140.0,-140.0,-140.0,-140.0,-140,-140,-140,-140,-140.0,-140,-140,-140,-140,-140,-140,-140,-140,-140,-140.0,-140,-140,-140,-140,-140,-140,-140,-140,-140.0,-140.0,-140,-140.0,-140,-140,-140.0,-140,-140,-75.0,-140,-140,-140.0,-140,-140,-140,-140,-140.0,-140,-140,-140.0,-140.0,-140.0,-140.0,-140.0,-140.0,-140,-140.0,-140.0,-87.0,-140.0,-86.0,-140.0,-90.0,-140.0,-140.0,-140.0,-140,-140,-140.0,-140,-140,-140,-140,-140.0,-140,-140.0,-140,-140,-140,-140,-140,-140,-140,-140,-140,-140,-140,-140,-140,-140,-140,-140,-140,-140,-140,-140,-140,-140.0,-140,-140,-140,-140,-140,-140,-89.0,-140,-140,-140,-140,-140,-140,-140,-140,-140.0,-140,-140,-140,-140,-140,-140,-140,-140,-140,-84.0,-140,-140.0,-140,-92.0,-140,-140,-140,-140,-140,-140,-140,-140,-140,-140,-140,-140,-140,-140,-140,-140,-140,-140,-140
185.4707,-80.0,-140.0,-140.0,-140,-140,-140,-140,-140,-86.0,-140,-140,-140.0,-140,-140,-140.0,-140,-140,-140,-140,-140,-140,-140,-140.0,-140.0,-140,-140,-140,-140,-140,-140,-140,-140,-140,-140,-140,-140,-91.0,-140.0,-140.0,-140,-140,-140,-140,-140,-140,-140.0,-140,-140,-140,-140,-140,-140.0,-140,-140,-140.0,-140,-140,-90.0,-140.0,-140.0,-140.0,-140,-140.0,-140.0,-83.0,-140,-140,-140,-140,-140,-140,-140,-140,-140,-140,-140,-140,-140,-140,-140,-140,-140,-140,-140,-140,-140,-140,-140,-140,-140.0,-140.0,-140,-140.0,-140.0,-140.0,-140.0,-140,-140,-140,-140,-140.0,-140,-140,-140,-140,-140,-140,-140,-140,-140,-140.0,-140,-140,-140,-140,-140,-140,-140,-140,-140.0,-140.0,-140,-140.0,-140,-140,-140.0,-140,-140,-77.0,-140,-140,-140.0,-140,-140,-140,-140,-140.0,-140,-140,-140.0,-140.0,-140.0,-140.0,-140.0,-140.0,-140,-140.0,-140.0,-140.0,-140.0,-140.0,-140.0,-140.0,-140.0,-140.0,-140.0,-140,-140,-140.0,-140,-140,-140,-140,-140.0,-140,-140.0,-140,-140,-140,-140,-140,-140,-140,-140,-140,-140,-140,-140,-140,-140,-140,-140,-140,-140,-140,-140,-140,-140.0,-140,-140,-140,-140,-140,-140,-140.0,-140,-140,-140,-140,-140,-140,-140,-140,-140.0,-140,-140,-140,-140,-140,-140,-140,-140,-140,-77.0,-140,-140.0,-140,-140.0,-140,-140,-140,-140,-140,-140,-140,-140,-140,-140,-140,-140,-140,-140,-140,-140,-140,-140,-140
187.5151,-81.0,-140.0,-140.0,-140,-140,-140,-140,-140,-89.0,-140,-140,-140.0,-140,-140,-140.0,-140,-140,-140,-140,-140,-140,-140,-140.0,-140.0,-140,-140,-140,-140,-140,-140,-140,-140,-140,-140,-140,-140,-140.0,-140.0,-140.0,-140,-140,-140,-140,-140,-140,-140.0,-140,-140,-140,-140,-140,-140.0,-140,-140,-140.0,-140,-140,-89.0,-140.0,-140.0,-140.0,-140,-140.0,-140.0,-80.0,-140,-140,-140,-140,-140,-140,-140,-140,-140,-140,-140,-140,-140,-140,-140,-140,-140,-140,-140,-140,-140,-140,-140,-140,-140.0,-140.0,-140,-140.0,-140.0,-140.0,-140.0,-140,-140,-140,-140,-140.0,-140,-140,-140,-140,-140,-140,-140,-140,-140,-140.0,-140,-140,-140,-140,-140,-140,-140,-140,-140.0,-140.0,-140,-140.0,-140,-140,-140.0,-140,-140,-74.0,-140,-140,-140.0,-140,-140,-140,-140,-140.0,-140,-140,-140.0,-140.0,-140.0,-140.0,-140.0,-140.0,-140,-140.0,-140.0,-95.0,-140.0,-140.0,-140.0,-140.0,-140.0,-140.0,-140.0,-140,-140,-140.0,-140,-140,-140,-140,-140.0,-140,-140.0,-140,-140,-140,-140,-140,-140,-140,-140,-140,-140,-140,-140,-140,-140,-140,-140,-140,-140,-140,-140,-140,-140.0,-140,-140,-140,-140,-140,-140,-140.0,-140,-140,-140,-140,-140,-140,-140,-140,-140.0,-140,-140,-140,-140,-140,-140,-140,-140,-140,-80.0,-140,-140.0,-140,-140.0,-140,-140,-140,-140,-140,-140,-140,-140,-140,-140,-140,-140,-140,-140,-140,-140,-140,-140,-140
189.4795,-80.0,-140.0,-140.0,-140,-140,-140,-140,-140,-91.0,-140,-140,-140.0,-140,-140,-140.0,-140,-140,-140,-140,-140,-140,-140,-140.0,-140.0,-140,-140,-140,-140,-140,-140,-140,-140,-140,-140,-140,-140,-92.0,-140.0,-140.0,-140,-140,-140,-140,-140,-140,-89.0,-140,-140,-140,-140,-140,-140.0,-140,-140,-140.0,-140,-140,-91.0,-140.0,-140.0,-140.0,-140,-140.0,-140.0,-86.0,-140,-140,-140,-140,-140,-140,-140,-140,-140,-140,-140,-140,-140,-140,-140,-140,-140,-140,-140,-140,-140,-140,-140,-140,-140.0,-140.0,-140,-140.0,-140.0,-140.0,-140.0,-140,-140,-140,-140,-140.0,-140,-140,-140,-140,-140,-140,-140,-140,-140,-140.0,-140,-140,-140,-140,-140,-140,-140,-140,-140.0,-140.0,-140,-140.0,-140,-140,-140.0,-140,-140,-64.0,-140,-140,-140.0,-140,-140,-140,-140,-140.0,-140,-140,-140.0,-140.0,-140.0,-140.0,-140.0,-140.0,-140,-140.0,-140.0,-140.0,-140.0,-140.0,-140.0,-140.0,-140.0,-92.0,-140.0,-140,-140,-140.0,-140,-140,-140,-140,-140.0,-140,-140.0,-140,-140,-140,-140,-140,-140,-140,-140,-140,-140,-140,-140,-140,-140,-140,-140,-140,-140,-140,-140,-140,-140.0,-140,-140,-140,-140,-140,-140,-140.0,-140,-140,-140,-140,-140,-140,-140,-140,-140.0,-140,-140,-140,-140,-140,-140,-140,-140,-140,-85.0,-140,-140.0,-140,-140.0,-140,-140,-140,-140,-140,-140,-140,-140,-140,-140,-140,-140,-140,-140,-140,-140,-140,-140,-140
191.4835,-140.0,-140.0,-140.0,-140,-140,-140,-140,-140,-91.0,-140,-140,-140.0,-140,-140,-140.0,-140,-140,-140,-140,-140,-140,-140,-140.0,-140.0,-140,-140,-140,-140,-140,-140,-140,-140,-140,-140,-140,-140,-140.0,-140.0,-140.0,-140,-140,-140,-140,-140,-140,-140.0,-140,-140,-140,-140,-140,-140.0,-140,-140,-140.0,-140,-140,-95.0,-140.0,-140.0,-140.0,-140,-140.0,-140.0,-86.0,-140,-140,-140,-140,-140,-140,-140,-140,-140,-140,-140,-140,-140,-140,-140,-140,-140,-140,-140,-140,-140,-140,-140,-140,-140.0,-140.0,-140,-140.0,-140.0,-140.0,-140.0,-140,-140,-140,-140,-140.0,-140,-140,-140,-140,-140,-140,-140,-140,-140,-140.0,-140,-140,-140,-140,-140,-140,-140,-140,-140.0,-140.0,-140,-140.0,-140,-140,-140.0,-140,-140,-71.0,-140,-140,-140.0,-140,-140,-140,-140,-140.0,-140,-140,-140.0,-140.0,-140.0,-140.0,-140.0,-140.0,-140,-140.0,-140.0,-140.0,-140.0,-140.0,-140.0,-140.0,-140.0,-140.0,-92.0,-140,-140,-140.0,-140,-140,-140,-140,-140.0,-140,-140.0,-140,-140,-140,-140,-140,-140,-140,-140,-140,-140,-140,-140,-140,-140,-140,-140,-140,-140,-140,-140,-140,-140.0,-140,-140,-140,-140,-140,-140,-140.0,-140,-140,-140,-140,-140,-140,-140,-140,-140.0,-140,-140,-140,-140,-140,-140,-140,-140,-140,-89.0,-140,-140.0,-140,-140.0,-140,-140,-140,-140,-140,-140,-140,-140,-140,-140,-140,-140,-140,-140,-140,-140,-140,-140,-140
193.4911,-90.0,-140.0,-140.0,-140,-140,-140,-140,-140,-140.0,-140,-140,-140.0,-140,-140,-140.0,-140,-140,-140,-140,-140,-140,-140,-140.0,-140.0,-140,-140,-140,-140,-140,-140,-140,-140,-140,-140,-140,-140,-140.0,-140.0,-140.0,-140,-140,-140,-140,-140,-140,-140.0,-140,-140,-140,-140,-140,-140.0,-140,-140,-140.0,-140,-140,-140.0,-140.0,-140.0,-140.0,-140,-140.0,-140.0,-87.0,-140,-140,-140,-140,-140,-140,-140,-140,-140,-140,-140,-140,-140,-140,-140,-140,-140,-140,-140,-140,-140,-140,-140,-140,-140.0,-140.0,-140,-140.0,-140.0,-140.0,-140.0,-140,-140,-140,-140,-140.0,-140,-140,-140,-140,-140,-140,-140,-140,-140,-140.0,-140,-140,-140,-140,-140,-140,-140,-140,-140.0,-140.0,-140,-140.0,-140,-140,-140.0,-140,-140,-68.0,-140,-140,-140.0,-140,-140,-140,-140,-140.0,-140,-140,-140.0,-140.0,-140.0,-140.0,-140.0,-140.0,-140,-140.0,-140.0,-140.0,-140.0,-140.0,-140.0,-140.0,-140.0,-90.0,-90.0,-140,-140,-140.0,-140,-140,-140,-140,-140.0,-140,-140.0,-140,-140,-140,-140,-140,-140,-140,-140,-140,-140,-140,-140,-140,-140,-140,-140,-140,-140,-140,-140,-140,-140.0,-140,-140,-140,-140,-140,-140,-140.0,-140,-140,-140,-140,-140,-140,-140,-140,-140.0,-140,-140,-140,-140,-140,-140,-140,-140,-140,-140.0,-140,-140.0,-140,-140.0,-140,-140,-140,-140,-140,-140,-140,-140,-140,-140,-140,-140,-140,-140,-140,-140,-140,-140,-140
